ID,Case Number,Date,Block,IUCR,Primary Type,Description,Location Description,Arrest,Domestic,Beat,District,Ward,Community Area,FBI Code,X Coordinate,Y Coordinate,Updated On,Latitude,Longitude
,G268444,05/12/2001 02:04:00 AM,056XX S WABASH AVE,0110,HOMICIDE,FIRST DEGREE MURDER,APARTMENT,true,true,0233,,20,,01A,1177675,1867718,,41.792342253,-87.624025622
,G274681,05/12/2001 11:01:00 PM,093XX S LASALLE ST,0110,HOMICIDE,FIRST DEGREE MURDER,STREET,true,false,0634,,,,01A,1176924,1842956,,41.72440944,-87.627524364
,G274697,05/12/2001 11:11:00 PM,056XX S CHRISTIANA AVE,0110,HOMICIDE,FIRST DEGREE MURDER,AUTO,false,false,0822,,14,,01A,1155008,1867027,,41.790929182,-87.707160999
,G260319,05/12/2001 10:50:00 AM,075XX S LAFAYETTE AVE,0110,HOMICIDE,FIRST DEGREE MURDER,STREET,false,false,0623,,6,,01A,1177142,1855093,,41.757709956,-87.626360608
,G272919,05/12/2001 12:15:00 AM,103XX S WALLACE ST,2825,OTHER OFFENSE,HARASSMENT BY TELEPHONE,RESIDENCE,false,false,2232,,,,26,1174174,1836186,,41.705893029,-87.637797851
,G272933,05/12/2001 12:11:00 AM,014XX S ST LOUIS AV,2820,OTHER OFFENSE,TELEPHONE THREAT,RESIDENCE,false,false,1021,,,,26,1153310,1892822,,41.861747796,-87.712703965
,G272963,05/12/2001 12:40:00 AM,071XX S RHODES AV,2825,OTHER OFFENSE,HARASSMENT BY TELEPHONE,RESIDENCE,false,false,0323,,,,26,1181111,1857432,,41.764037991,-87.611742933
,G272981,05/12/2001 12:00:00 AM,001XX E WACKER DR,0810,THEFT,OVER $500,HOTEL/MOTEL,false,false,0124,,,,06,1177784,1902578,,41.887998194,-87.622568135
,G272987,05/12/2001 01:00:00 AM,060XX W SCHOOL ST,2820,OTHER OFFENSE,TELEPHONE THREAT,RESIDENCE,false,false,1633,,,,26,1135216,1921346,,41.940360995,-87.77844768
,G273005,05/12/2001 12:06:00 AM,028XX N WASHTENAW AV,2820,OTHER OFFENSE,TELEPHONE THREAT,RESIDENCE,false,true,1411,,,,26,1157918,1918975,,41.93342125,-87.695074509
,G272862,05/12/2001 12:08:24 AM,050XX W WELLINGTON AV,1710,OFFENSE INVOLVING CHILDREN,ENDANGERING LIFE/HEALTH CHILD,RESIDENCE,true,true,2521,,,,26,1142404,1919441,,41.935002775,-87.75207646
,G273126,05/12/2001 03:45:00 AM,006XX W CORNELIA AV,2825,OTHER OFFENSE,HARASSMENT BY TELEPHONE,STREET,false,false,2331,,,,26,1171285,1923474,,41.945483109,-87.645819251
,G273139,05/12/2001 01:00:00 AM,015XX W FRY ST,1320,CRIMINAL DAMAGE,TO VEHICLE,STREET,false,false,1323,,,,14,1166188,1905796,,41.897084293,-87.665060213
,G273160,05/12/2001 02:00:00 AM,074XX N WOLCOTT AV,2825,OTHER OFFENSE,HARASSMENT BY TELEPHONE,RESIDENCE,false,true,2424,,,,26,1162465,1949495,,42.017075256,-87.677505908
,G272894,05/12/2001 12:14:00 AM,021XX N LAWLER AV,2820,OTHER OFFENSE,TELEPHONE THREAT,RESIDENCE,false,false,2522,,,,26,1142326,1914082,,41.920298584,-87.752496529
,G272998,05/12/2001 01:15:00 AM,021XX S ASHLAND AV,0560,ASSAULT,SIMPLE,STREET,true,false,1222,,,,08A,1166000,1890136,,41.854115994,-87.666197768
,G272950,05/12/2001 12:51:00 AM,071XX S BENNETT AV,0820,THEFT,$500 AND UNDER,RESIDENCE,false,true,0333,,,,06,1189989,1857735,,41.764660469,-87.579193708
,G273146,05/12/2001 05:15:00 AM,019XX S LOOMIS ST,041A,BATTERY,AGGRAVATED: HANDGUN,STREET,false,false,1222,,,,04B,1167300,1890768,,41.855822443,-87.661408122
,G273184,05/12/2001 06:30:00 AM,052XX W GEORGE ST,1320,CRIMINAL DAMAGE,TO VEHICLE,STREET,false,false,2514,,,,14,1141132,1918823,,41.93333049,-87.756766434
,G273189,05/12/2001 01:00:00 AM,054XX N LUDLAM AV,1320,CRIMINAL DAMAGE,TO VEHICLE,STREET,false,false,1623,,,,14,1139879,1935759,,41.979827464,-87.760955484
,G273194,05/12/2001 06:00:00 AM,068XX S CONSTANCE AV,0820,THEFT,$500 AND UNDER,STREET,false,false,0332,,,,06,1189677,1860036,,41.770982102,-87.580263412
,G273011,05/12/2001 01:47:20 AM,052XX N WINTHROP AV,0520,ASSAULT,AGGRAVATED:KNIFE/CUTTING INSTR,APARTMENT,false,false,2023,,,,04A,1167880,1935141,,41.977572037,-87.657996718
,G272719,05/12/2001 12:28:26 AM,115XX S MICHIGAN AV,1310,CRIMINAL DAMAGE,TO PROPERTY,CLEANING STORE,false,false,0532,,,,14,1178850,1828527,,41.684770733,-87.620906747
,G273179,05/12/2001 06:30:00 AM,021XX W CULLERTON ST,0460,BATTERY,SIMPLE,RESIDENCE PORCH/HALLWAY,false,false,1223,,,,08B,1162264,1890342,,41.854760112,-87.679904589
,G273212,05/12/2001 02:15:00 AM,016XX W HURON ST,0910,MOTOR VEHICLE THEFT,AUTOMOBILE,STREET,false,false,1324,,,,07,1164975,1904702,,41.894108117,-87.669546458
,G273198,05/12/2001 12:00:00 AM,006XX W GRACE ST,0810,THEFT,OVER $500,RESIDENCE PORCH/HALLWAY,false,false,2323,,,,06,1170923,1925743,,41.951717286,-87.647083043
,G273211,05/12/2001 07:30:00 AM,072XX S JEFFERY AV,0915,MOTOR VEHICLE THEFT,"TRUCK, BUS, MOTOR HOME",STREET,false,false,0333,,,,07,1190765,1857022,,41.762685234,-87.576372504
,G273215,05/12/2001 07:00:00 AM,051XX S DREXEL AV,2825,OTHER OFFENSE,HARASSMENT BY TELEPHONE,RESIDENCE,false,false,2124,,,,26,1183161,1870965,,41.801126322,-87.60380845
,G273222,05/12/2001 01:00:00 AM,072XX S PAXTON AV,1320,CRIMINAL DAMAGE,TO VEHICLE,STREET,false,false,0333,,,,14,1192175,1857518,,41.764012132,-87.571188617
,G273204,05/12/2001 04:30:00 AM,019XX W BELMONT AV,0820,THEFT,$500 AND UNDER,STREET,false,false,1924,,,,06,1163075,1921305,,41.939707991,-87.676057214
,G273226,05/12/2001 07:30:00 AM,044XX S WASHTENAW AV,2825,OTHER OFFENSE,HARASSMENT BY TELEPHONE,RESIDENCE,false,false,0912,,,,26,1159154,1874937,,41.812551388,-87.691741961
,G273231,05/12/2001 02:00:00 AM,058XX N NORTHWEST HW,0810,THEFT,OVER $500,STREET,false,false,1612,,,,06,1131602,1938626,,41.987842513,-87.791328853
,G273090,05/12/2001 03:37:37 AM,082XX S MANISTEE AV,0610,BURGLARY,FORCIBLE ENTRY,RESIDENCE,false,false,0423,,,,05,1195889,1850993,,41.746015942,-87.557791806
,G273050,05/12/2001 02:55:00 AM,0000X W JACKSON BL,031A,ROBBERY,ARMED: HANDGUN,RESTAURANT,false,false,0123,,,,03,1175989,1898940,,41.878055925,-87.629269504
,G273039,05/12/2001 01:56:00 AM,008XX W EASTWOOD AV,0460,BATTERY,SIMPLE,STREET,false,false,2312,,,,08B,1169562,1931124,,41.966512725,-87.65192874
,G273162,05/12/2001 05:46:46 AM,041XX S ALBANY AV,0460,BATTERY,SIMPLE,RESIDENCE,true,true,0912,,,,08B,1156416,1876788,,41.817686428,-87.70173513
,G272977,05/12/2001 01:13:41 AM,029XX W 56 ST,0460,BATTERY,SIMPLE,APARTMENT,true,false,0824,,,,08B,1157758,1867328,,41.791699762,-87.697069131
,G273047,05/12/2001 02:20:31 AM,041XX S ROCKWELL ST,0460,BATTERY,SIMPLE,RESIDENCE,false,false,0912,,,,08B,1159679,1877071,,41.818396575,-87.689757623
,G273028,05/12/2001 02:03:56 AM,058XX S RICHMOND ST,1310,CRIMINAL DAMAGE,TO PROPERTY,RESIDENCE,false,false,0824,,,,14,1157756,1865576,,41.78689207,-87.697124004
,G273246,05/12/2001 08:00:00 AM,104XX S AVENUE N,1320,CRIMINAL DAMAGE,TO VEHICLE,STREET,false,false,0432,,,,14,1201217,1836199,,41.705286659,-87.538769734
,G273004,05/12/2001 01:50:19 AM,028XX W 63 ST,1310,CRIMINAL DAMAGE,TO PROPERTY,RESIDENCE,false,false,0823,,,,14,1158604,1862704,,41.778993635,-87.694093042
,G273007,05/12/2001 01:15:00 AM,113XX S FOREST AV,041A,BATTERY,AGGRAVATED: HANDGUN,SIDEWALK,false,false,0531,,,,04B,1180316,1829544,,41.687528133,-87.615509135
,G272966,05/12/2001 01:00:00 AM,063XX S CICERO AV,1320,CRIMINAL DAMAGE,TO VEHICLE,STREET,true,false,0813,,,,14,1145419,1862369,,41.778333132,-87.742439537
,G273106,05/12/2001 03:58:33 AM,105XX S EDBROOKE AV,0460,BATTERY,SIMPLE,STREET,false,true,0512,,,,08B,1179173,1834794,,41.701960935,-87.619534224
,G273177,05/12/2001 06:15:56 AM,003XX W 127 ST,0460,BATTERY,SIMPLE,RESIDENCE,true,true,0523,,,,08B,1176096,1820727,,41.663428354,-87.631221008
,G273032,05/12/2001 02:03:18 AM,034XX W 60 ST,1310,CRIMINAL DAMAGE,TO PROPERTY,RESIDENCE,false,false,0822,,,,14,1154372,1864657,,41.784438241,-87.709556137
,G272939,05/12/2001 12:48:00 AM,039XX N CLARENDON AV,0520,ASSAULT,AGGRAVATED:KNIFE/CUTTING INSTR,RESIDENCE PORCH/HALLWAY,true,false,2323,,,,04A,1170252,1926442,,41.953650083,-87.649529113
,G273081,05/12/2001 03:10:00 AM,010XX W WILSON AV,0320,ROBBERY,STRONGARM - NO WEAPON,STREET,false,false,2312,,,,03,1168447,1930755,,41.965524437,-87.656039116
,G272958,05/12/2001 12:45:00 AM,015XX W NORTH AV,0313,ROBBERY,ARMED: OTHER DANGEROUS WEAPON,SMALL RETAIL STORE,false,false,1433,,,,03,1165560,1910770,,41.91074669,-87.667224901
,G273085,05/12/2001 03:35:00 AM,034XX N HALSTED ST,0460,BATTERY,SIMPLE,TAVERN/LIQUOR STORE,true,false,2331,,,,08B,1170263,1923439,,41.9454095,-87.649576745
,G273018,05/12/2001 01:59:20 AM,048XX W WASHINGTON BL,0560,ASSAULT,SIMPLE,APARTMENT,true,true,1532,,,,08A,1143800,1900098,,41.8818974,-87.74743162
,G273175,05/12/2001 01:00:00 AM,009XX W GORDON TR,0460,BATTERY,SIMPLE,RESIDENCE PORCH/HALLWAY,true,false,2322,,,,08B,1168988,1927822,,41.957464435,-87.654135468
,G273141,05/12/2001 04:35:00 AM,103XX S BENSLEY AV,1310,CRIMINAL DAMAGE,TO PROPERTY,RESIDENCE,false,false,0434,,,,14,1194556,1836796,,41.70709095,-87.563141542
,G273056,05/12/2001 02:40:00 AM,031XX W 26 ST,0320,ROBBERY,STRONGARM - NO WEAPON,SIDEWALK,false,false,1033,,,,03,1155484,1886519,,41.844408247,-87.704892875
,G271000,05/12/2001 06:30:00 AM,007XX W 79 ST,0460,BATTERY,SIMPLE,STREET,false,false,0621,,,,08B,1172986,1852536,,41.750785939,-87.641667113
,G273055,05/12/2001 02:43:33 AM,052XX S PARKSIDE AV,0460,BATTERY,SIMPLE,STREET,false,false,0811,,,,08B,1139626,1869175,,41.797117251,-87.763512012
,G272965,05/12/2001 12:48:28 AM,036XX W 111 ST,0460,BATTERY,SIMPLE,RESIDENCE,false,true,2211,,,,08B,1154275,1830796,,41.691519783,-87.710809808
,G272906,05/12/2001 12:08:00 AM,056XX S BISHOP ST,031A,ROBBERY,ARMED: HANDGUN,VACANT LOT/LAND,false,false,0713,,,,03,1167586,1867366,,41.791598789,-87.661030507
,G273271,05/12/2001 12:15:00 AM,022XX S MICHIGAN AV,0910,MOTOR VEHICLE THEFT,AUTOMOBILE,STREET,false,false,2111,,,,07,1177513,1889739,,41.852773367,-87.623952966
,G272914,05/12/2001 12:35:00 AM,009XX W 74 ST,1310,CRIMINAL DAMAGE,TO PROPERTY,APARTMENT,true,false,0733,,,,14,1171192,1855804,,41.75979314,-87.648145804
,G273296,05/12/2001 12:00:00 AM,016XX W 38 ST,1320,CRIMINAL DAMAGE,TO VEHICLE,STREET,false,false,0922,,,,14,1165767,1879483,,41.824888067,-87.667356144
,G273091,05/12/2001 03:15:00 AM,030XX S CHRISTIANA AV,0460,BATTERY,SIMPLE,APARTMENT,false,true,1032,,,,08B,1154478,1884056,,41.837669617,-87.708650492
,G273006,05/12/2001 01:30:00 AM,015XX S KARLOV AV,1310,CRIMINAL DAMAGE,TO PROPERTY,APARTMENT,false,true,1012,,,,14,1149268,1891970,,41.859489026,-87.727563645
,G273086,05/12/2001 03:15:00 AM,057XX S HONORE ST,0460,BATTERY,SIMPLE,APARTMENT,false,true,0715,,,,08B,1164953,1866844,,41.790222453,-87.670699983
,G273334,05/12/2001 12:00:00 AM,003XX N STETSON AV,0810,THEFT,OVER $500,STREET,false,false,0124,,,,06,,,,,
,G273186,05/12/2001 05:00:00 AM,102XX S NORMAL AV,031A,ROBBERY,ARMED: HANDGUN,STREET,false,false,2232,,,,03,1174739,1836784,,41.707521486,-87.635711128
,G272971,05/12/2001 01:00:00 AM,016XX E 90 ST,0820,THEFT,$500 AND UNDER,STREET,false,false,0413,,,,06,1188501,1845581,,41.731344414,-87.58503496
,G273311,05/12/2001 12:01:00 AM,037XX N CLARK ST,0910,MOTOR VEHICLE THEFT,AUTOMOBILE,STREET,false,false,2324,,,,07,1167880,1924955,,41.949621298,-87.658291828
,G272991,05/12/2001 01:40:00 AM,015XX E 89 ST,0820,THEFT,$500 AND UNDER,STREET,false,false,0413,,,,06,1188339,1846242,,41.733162129,-87.585607382
,G273038,05/12/2001 02:26:48 AM,031XX E 91 ST,0460,BATTERY,SIMPLE,RESIDENCE,false,false,0424,,,,08B,1198507,1845258,,41.730213517,-87.54839079
,G273364,05/12/2001 10:10:00 AM,037XX W CHICAGO AV,2820,OTHER OFFENSE,TELEPHONE THREAT,APARTMENT,false,false,1112,,,,26,1151203,1905039,,41.895314113,-87.720118033
,G273097,05/12/2001 03:12:00 AM,021XX N MILWAUKEE AV,0320,ROBBERY,STRONGARM - NO WEAPON,SIDEWALK,false,false,1431,,,,03,1158806,1913996,,41.919740333,-87.691948026
,G273409,05/12/2001 01:00:00 AM,068XX W 63 PL,0630,BURGLARY,ATTEMPT FORCIBLE ENTRY,RESIDENCE-GARAGE,false,false,0812,,,,05,1131770,1861611,,41.776499503,-87.792496085
,G273410,05/12/2001 10:00:00 AM,014XX N WALLER AV,0610,BURGLARY,FORCIBLE ENTRY,RESIDENCE-GARAGE,false,false,2531,,,,05,1138026,1909306,,41.90727152,-87.768411344
,G273149,05/12/2001 05:15:00 AM,013XX N BOSWORTH AV,0325,ROBBERY,VEHICULAR HIJACKING,STREET,false,false,1433,,,,03,1165808,1908778,,41.905275222,-87.666370743
,G273415,05/12/2001 04:00:00 AM,013XX W SCHUBERT AV,1320,CRIMINAL DAMAGE,TO VEHICLE,STREET,false,false,1933,,,,14,1166884,1918086,,41.930793898,-87.662150672
,G272979,05/12/2001 01:10:00 AM,026XX W ARMITAGE AV,0325,ROBBERY,VEHICULAR HIJACKING,STREET,false,false,1431,,,,03,1158616,1913228,,41.91763678,-87.692667196
,G273068,05/12/2001 02:20:00 AM,110XX S PROSPECT AV,1310,CRIMINAL DAMAGE,TO PROPERTY,STREET,false,false,2212,,,,14,1165176,1831523,,41.693291679,-87.670879294
,G273053,05/12/2001 02:20:33 AM,110XX S PROSPECT AV,1320,CRIMINAL DAMAGE,TO VEHICLE,STREET,false,false,2212,,,,14,1165035,1831378,,41.692896749,-87.671399607
,G273439,05/12/2001 10:00:00 AM,042XX W MADISON ST,1320,CRIMINAL DAMAGE,TO VEHICLE,STREET,false,false,1115,,,,14,1148359,1899720,,41.880773496,-87.730700626
,G273142,05/12/2001 04:00:00 AM,035XX W NORTH AV,0312,ROBBERY,ARMED:KNIFE/CUTTING INSTRUMENT,GAS STATION,false,false,1422,,,,03,1152186,1910437,,41.910107405,-87.716365109
,G273167,05/12/2001 06:00:00 AM,034XX S KING DR,0560,ASSAULT,SIMPLE,SMALL RETAIL STORE,true,false,2122,,,,08A,1179512,1882402,,41.832594585,-87.616840751
,G273130,05/12/2001 04:45:22 AM,010XX W 85 ST,1310,CRIMINAL DAMAGE,TO PROPERTY,APARTMENT,true,true,0613,,,,14,1170839,1848412,,41.739516221,-87.649654813
,G273152,05/12/2001 05:13:41 AM,021XX W OHIO ST,1310,CRIMINAL DAMAGE,TO PROPERTY,RESIDENCE,false,false,1313,,,,14,1161873,1903944,,41.892093392,-87.680960277
,G272982,05/12/2001 01:21:53 AM,010XX N CALIFORNIA AV,0560,ASSAULT,SIMPLE,APARTMENT,false,true,1311,,,,08A,1157494,1906847,,41.900149717,-87.696963403
,G273192,05/12/2001 05:15:45 AM,098XX S AVENUE H,0620,BURGLARY,UNLAWFUL ENTRY,STREET,true,false,0432,,,,05,1202751,1840264,,41.716402362,-87.533014184
,G273026,05/12/2001 02:14:02 AM,018XX W AUGUSTA BV,0460,BATTERY,SIMPLE,RESIDENCE,true,true,1322,,,,08B,1164108,1906666,,41.899515842,-87.672675123
,G273456,05/12/2001 01:00:00 AM,075XX S EGGLESTON AV,1310,CRIMINAL DAMAGE,TO PROPERTY,APARTMENT,false,false,0621,,,,14,1174555,1855102,,41.757792601,-87.63584133
,G273485,05/12/2001 10:00:00 AM,001XX E WACKER DR,0810,THEFT,OVER $500,RESTAURANT,false,false,0124,,,,06,1177784,1902578,,41.887998194,-87.622568135
,G273500,05/12/2001 04:10:00 AM,061XX S WALLACE ST,0320,ROBBERY,STRONGARM - NO WEAPON,SIDEWALK,false,false,0711,,,,03,1173283,1864430,,41.783417932,-87.640227545
,G273498,05/12/2001 11:00:00 AM,042XX S MICHIGAN AV,2820,OTHER OFFENSE,TELEPHONE THREAT,RESIDENCE,false,true,0214,,,,26,1177828,1876732,,41.817074022,-87.623191503
,G273040,05/12/2001 01:55:00 AM,003XX W ONTARIO ST,0560,ASSAULT,SIMPLE,STREET,true,false,1831,,,,08A,1174195,1904472,,41.893276256,-87.63569145
,G273539,05/12/2001 12:00:00 AM,006XX N MILWAUKEE AV,0810,THEFT,OVER $500,STREET,false,false,1323,,,,06,1169880,1904552,,41.893590964,-87.651536422
,G273595,05/12/2001 08:15:00 AM,021XX W LELAND AV,2820,OTHER OFFENSE,TELEPHONE THREAT,RESIDENCE,false,true,1911,,,,26,1160925,1931220,,41.96696025,-87.683682868
,G273605,05/12/2001 11:45:00 AM,047XX S COTTAGE GROVE AV,0560,ASSAULT,SIMPLE,OTHER,false,false,0223,,,,08A,1182343,1874004,,41.809484595,-87.606714088
,G273613,05/12/2001 05:30:00 AM,019XX N KEDZIE AV,0910,MOTOR VEHICLE THEFT,AUTOMOBILE,STREET,false,false,1421,,,,07,1154772,1912845,,41.916663727,-87.706800509
,G272918,05/12/2001 12:35:00 AM,043XX N DRAKE AV,1310,CRIMINAL DAMAGE,TO PROPERTY,RESIDENCE,false,false,1723,,,,14,1151903,1928587,,41.959918047,-87.716925345
,G273624,05/12/2001 12:00:00 PM,088XX S SOUTH CHICAGO AV,0460,BATTERY,SIMPLE,PARKING LOT/GARAGE(NON.RESID.),false,false,0423,,,,08B,1195002,1846642,,41.734098328,-87.561184939
,G273511,05/12/2001 10:40:00 AM,048XX N RIDGEWAY AV,0560,ASSAULT,SIMPLE,APARTMENT,false,true,1712,,,,08A,1150562,1931669,,41.968401632,-87.72177464
,G273650,05/12/2001 10:00:00 AM,024XX W TAYLOR ST,0810,THEFT,OVER $500,ALLEY,false,false,1135,,,,06,1160293,1895677,,41.869440814,-87.686991592
,G273664,05/12/2001 09:47:00 AM,014XX W GRAND AV,2820,OTHER OFFENSE,TELEPHONE THREAT,RESIDENCE,false,false,1324,,,,26,1166788,1903631,,41.891130534,-87.662918642
,G273677,05/12/2001 12:00:00 PM,124XX S HARVARD AV,0560,ASSAULT,SIMPLE,RESIDENCE,false,true,0523,,,,08A,1176183,1822071,,41.667114563,-87.630862542
,G273693,05/12/2001 10:00:00 AM,0000X E GRAND AV,0810,THEFT,OVER $500,OTHER,false,false,1834,,,,06,1176661,1903952,,41.891793972,-87.626650561
,G273734,05/12/2001 01:20:00 PM,055XX W ARDMORE AV,1320,CRIMINAL DAMAGE,TO VEHICLE,STREET,false,false,1621,,,,14,1138588,1937997,,41.985992292,-87.765648793
,G273744,05/12/2001 12:30:00 PM,047XX S AVERS AV,0460,BATTERY,SIMPLE,STREET,false,true,0821,,,,08B,1151456,1873155,,41.807815569,-87.72002519
,G273749,05/12/2001 01:00:00 PM,009XX N MICHIGAN AV,0820,THEFT,$500 AND UNDER,DEPARTMENT STORE,false,false,1833,,,,06,1177281,1907239,,41.900799621,-87.624273841
,G273736,05/12/2001 02:50:00 AM,016XX N ELSTON AV,0430,BATTERY,AGGRAVATED: OTHER DANG WEAPON,BAR OR TAVERN,true,true,1433,,,,04B,1166599,1911454,,41.912601424,-87.66338838
,G273314,05/12/2001 07:45:00 AM,014XX W LELAND AV,0910,MOTOR VEHICLE THEFT,AUTOMOBILE,STREET,false,false,2311,,,,07,1165605,1931343,,41.967199103,-87.666471663
,G273788,05/12/2001 09:00:00 AM,006XX N TRUMBULL AV,0810,THEFT,OVER $500,OTHER,false,false,1121,,,,06,1153304,1904098,,41.892690452,-87.712426544
,G273745,05/12/2001 11:00:00 AM,028XX N CLYBOURN AV,0820,THEFT,$500 AND UNDER,STREET,false,false,1913,,,,06,1162201,1918855,,41.933003389,-87.679338113
,G273403,05/12/2001 01:30:00 AM,047XX N KEYSTONE AV,1320,CRIMINAL DAMAGE,TO VEHICLE,RESIDENCE-GARAGE,false,false,1722,,,,14,1148580,1931230,,41.967235575,-87.729073795
,G273837,05/12/2001 01:50:00 PM,001XX N STATE ST,0810,THEFT,OVER $500,DEPARTMENT STORE,false,false,0122,,,,06,1176391,1900935,,41.88352126,-87.627733247
,G273871,05/12/2001 12:00:00 PM,007XX N MICHIGAN AV,0810,THEFT,OVER $500,DEPARTMENT STORE,false,false,1834,,,,06,1177264,1905117,,41.89497714,-87.624400688
,G273883,05/12/2001 02:05:00 PM,053XX W ADDISON ST,0560,ASSAULT,SIMPLE,TAVERN/LIQUOR STORE,false,false,1634,,,,08A,1140273,1923461,,41.946073433,-87.759809212
,G273884,05/12/2001 10:00:00 AM,0000X E GRAND AV,0810,THEFT,OVER $500,OTHER,false,false,1834,,,,06,1176660,1903872,,41.89157447,-87.626656653
,G273913,05/12/2001 03:00:00 PM,027XX N CLARK ST,0820,THEFT,$500 AND UNDER,SIDEWALK,false,false,2333,,,,06,1171638,1918688,,41.932342361,-87.644663085
,G273894,05/12/2001 07:30:00 AM,004XX N WELLS ST,0820,THEFT,$500 AND UNDER,PARKING LOT/GARAGE(NON.RESID.),false,false,1831,,,,06,1174624,1902989,,41.889197239,-87.634160286
,G273926,05/12/2001 11:45:00 AM,005XX N CENTRAL AV,0910,MOTOR VEHICLE THEFT,AUTOMOBILE,STREET,false,false,1523,,,,07,1138987,1902793,,41.889381633,-87.765039598
,G273089,05/12/2001 03:06:00 AM,058XX S HALSTED ST,0320,ROBBERY,STRONGARM - NO WEAPON,SIDEWALK,false,false,0711,,,,03,1172018,1865753,,41.787076281,-87.644826611
,G273610,05/12/2001 12:10:00 PM,020XX W 69 ST,0530,ASSAULT,AGGRAVATED: OTHER DANG WEAPON,STREET,false,false,0726,,,,04A,1163790,1858931,,41.76853265,-87.675186471
,G273626,05/12/2001 12:25:00 PM,056XX S ABERDEEN ST,0460,BATTERY,SIMPLE,APARTMENT,false,true,0712,,,,08B,1169988,1867267,,41.791275239,-87.652225718
,G274031,05/12/2001 04:15:00 PM,025XX N HARDING AV,2820,OTHER OFFENSE,TELEPHONE THREAT,RESIDENCE,false,true,2524,,,,26,1149574,1916860,,41.927783868,-87.725793467
,G273635,05/12/2001 12:40:00 PM,056XX S LAFLIN ST,0460,BATTERY,SIMPLE,RESIDENCE,false,true,0713,,,,08B,1167261,1867276,,41.791358786,-87.662224796
,G273646,05/12/2001 12:30:00 PM,014XX W 72 ST,0520,ASSAULT,AGGRAVATED:KNIFE/CUTTING INSTR,RESIDENCE,false,false,0734,,,,04A,1167977,1857041,,41.763257299,-87.659893271
,G273575,05/12/2001 12:00:00 PM,063XX S ASHLAND AV,0820,THEFT,$500 AND UNDER,ALLEY,false,false,0725,,,,06,1166715,1862739,,41.778920375,-87.664356305
,G274039,05/12/2001 04:00:00 PM,013XX W FULLERTON AV,0560,ASSAULT,SIMPLE,NURSING HOME/RETIREMENT HOME,false,false,1933,,,,08A,1166635,1916093,,41.925330342,-87.663122936
,G273424,05/12/2001 10:15:00 AM,012XX W 72 ST,1320,CRIMINAL DAMAGE,TO VEHICLE,STREET,false,true,0734,,,,14,1168964,1857068,,41.763310129,-87.656274946
,G274080,05/12/2001 02:00:00 PM,012XX N CLARK ST,0820,THEFT,$500 AND UNDER,CTA TRAIN,false,false,1821,,,,06,1175278,1908386,,41.903992238,-87.63159645
,G274086,05/12/2001 08:30:00 AM,017XX W 95 ST,1320,CRIMINAL DAMAGE,TO VEHICLE,PARKING LOT/GARAGE(NON.RESID.),false,false,2221,,,,14,1166186,1841724,,41.721263508,-87.666892413
,G274097,05/12/2001 02:00:00 PM,047XX S DR MARTN LUTHR KING JR DR,1310,CRIMINAL DAMAGE,TO PROPERTY,APARTMENT,false,false,0223,,,,14,1179705,1873439,,41.807994984,-87.616407011
,G274121,05/12/2001 11:00:00 AM,049XX S COTTAGE GROVE AV,0915,MOTOR VEHICLE THEFT,"TRUCK, BUS, MOTOR HOME",STREET,false,false,0223,,,,07,1182376,1872661,,41.805798531,-87.606634701
,G274150,05/12/2001 04:50:00 PM,071XX S PULASKI RD,1320,CRIMINAL DAMAGE,TO VEHICLE,PARKING LOT/GARAGE(NON.RESID.),false,false,0833,,,,14,1150894,1857186,,41.764005151,-87.722502581
,G273069,05/12/2001 02:59:14 AM,003XX N CENTRAL AV,0460,BATTERY,SIMPLE,HOTEL/MOTEL,false,false,1512,,,,08B,1138946,1901612,,41.886141564,-87.765218883
,G274148,05/12/2001 04:15:00 PM,062XX S WESTERN AV,0915,MOTOR VEHICLE THEFT,"TRUCK, BUS, MOTOR HOME",PARKING LOT/GARAGE(NON.RESID.),false,false,0825,,,,07,1161396,1863441,,41.780958654,-87.683836853
,G273520,05/12/2001 11:00:00 AM,004XX W 63 ST,0430,BATTERY,AGGRAVATED: OTHER DANG WEAPON,APARTMENT,false,true,0711,,,,04B,1174115,1863185,,41.779983071,-87.637214114
,G274194,05/12/2001 03:00:00 AM,063XX N WINTHROP AV,1320,CRIMINAL DAMAGE,TO VEHICLE,STREET,false,false,2433,,,,14,1167662,1942343,,41.997339209,-87.658589742
,G273746,05/12/2001 12:30:00 PM,057XX S ABERDEEN ST,0610,BURGLARY,FORCIBLE ENTRY,RESIDENCE,false,false,0712,,,,05,1169929,1866498,,41.789166297,-87.652464389
,G274218,05/12/2001 03:30:00 PM,018XX N BISSELL ST,0810,THEFT,OVER $500,APARTMENT,false,false,1813,,,,06,1169728,1912078,,41.914246072,-87.651875088
,G273726,05/12/2001 01:15:00 PM,072XX S LOWE AV,1310,CRIMINAL DAMAGE,TO PROPERTY,RESIDENCE,false,false,0732,,,,14,1173355,1857017,,41.763074209,-87.64018262
,G273838,05/12/2001 02:10:00 PM,002XX W 69 ST,1330,CRIMINAL TRESPASS,TO LAND,NURSING HOME/RETIREMENT HOME,true,false,0731,,,,26,1175547,1859168,,41.768928048,-87.632084305
,G274243,05/12/2001 04:10:00 PM,020XX E 75 ST,0810,THEFT,OVER $500,PARKING LOT/GARAGE(NON.RESID.),false,false,0414,,,,06,1190974,1855597,,41.758769866,-87.575652501
,G274242,05/12/2001 05:14:00 PM,063XX S EBERHART AV,2820,OTHER OFFENSE,TELEPHONE THREAT,APARTMENT,false,false,0312,,,,26,1180713,1862905,,41.779065607,-87.613033681
,G274316,05/12/2001 06:30:00 PM,056XX W BELMONT AV,0820,THEFT,$500 AND UNDER,DEPARTMENT STORE,false,false,1633,,,,06,1138123,1920748,,41.938667888,-87.767777805
,G274299,05/12/2001 06:00:00 PM,025XX W FULLERTON AV,0910,MOTOR VEHICLE THEFT,AUTOMOBILE,STREET,false,false,1431,,,,07,1159005,1915905,,41.924974681,-87.691164343
,G274339,05/12/2001 07:00:00 PM,079XX S ASHLAND AV,1320,CRIMINAL DAMAGE,TO VEHICLE,STREET,false,false,0612,,,,14,1167100,1851741,,41.748732168,-87.663258949
,G274345,05/12/2001 04:00:00 PM,075XX S SOUTH CHICAGO,0820,THEFT,$500 AND UNDER,MOVIE HOUSE/THEATER,false,false,0411,,,,06,1186074,1855070,,41.757440753,-87.593627034
,G274369,05/12/2001 04:00:00 PM,088XX S HAMILTON AV,0820,THEFT,$500 AND UNDER,DRIVEWAY - RESIDENTIAL,false,false,2221,,,,06,1163536,1845800,,41.732504583,-87.676484957
,G274386,05/12/2001 01:00:00 AM,058XX N WEST CIRCLE AV,1320,CRIMINAL DAMAGE,TO VEHICLE,DRIVEWAY - RESIDENTIAL,false,false,1612,,,,14,1127674,1938284,,41.986971336,-87.805784353
,G274288,05/12/2001 12:01:00 AM,085XX W AGATITE AV,1320,CRIMINAL DAMAGE,TO VEHICLE,STREET,false,false,1614,,,,14,1118536,1928579,,41.9604892,-87.839600659
,G274377,05/12/2001 02:30:00 PM,089XX S BISHOP ST,1150,DECEPTIVE PRACTICE,CREDIT CARD FRAUD,RESIDENCE,false,false,2222,,,,11,1168270,1845510,,41.731608332,-87.659150511
,G274317,05/12/2001 07:10:32 PM,020XX E 95 ST,5001,OTHER OFFENSE,OTHER CRIME INVOLVING PROPERTY,PARKING LOT/GARAGE(NON.RESID.),true,false,0431,,,,26,1191256,1842411,,41.722579453,-87.575044828
,G274235,05/12/2001 02:00:00 PM,021XX W EVERGREEN AV,0915,MOTOR VEHICLE THEFT,"TRUCK, BUS, MOTOR HOME",STREET,false,false,1424,,,,07,1161896,1908956,,41.905846233,-87.68073579
,G274421,05/12/2001 07:30:00 PM,050XX N ELSTON AV,0820,THEFT,$500 AND UNDER,GROCERY FOOD STORE,false,false,1712,,,,06,1143739,1933059,,41.972346803,-87.746827733
,G274439,05/12/2001 08:15:00 PM,033XX W LE MOYNE ST,2851,PUBLIC PEACE VIOLATION,ARSON THREAT,APARTMENT,false,true,1422,,,,26,1153577,1909722,,41.908117811,-87.71127415
,G274438,05/12/2001 12:00:00 PM,027XX N MOBILE AV,0910,MOTOR VEHICLE THEFT,AUTOMOBILE,STREET,false,false,2512,,,,07,1133897,1917656,,41.930258546,-87.783382535
,G274430,05/12/2001 04:00:00 PM,001XX E ONTARIO ST,0910,MOTOR VEHICLE THEFT,AUTOMOBILE,STREET,false,false,1834,,,,07,1177652,1904570,,41.893467339,-87.622992318
,G274443,05/12/2001 01:00:00 PM,012XX N CLARK ST,0810,THEFT,OVER $500,SIDEWALK,false,false,1824,,,,06,1175340,1908925,,41.905469888,-87.631352509
,G274271,05/12/2001 12:00:00 AM,064XX N WESTERN AV,0820,THEFT,$500 AND UNDER,STREET,false,false,2412,,,,06,1159181,1942905,,41.999060501,-87.689772506
,G274297,05/12/2001 10:00:00 AM,054XX S MAY ST,2820,OTHER OFFENSE,TELEPHONE THREAT,APARTMENT,false,false,0934,,,,26,1169532,1868891,,41.795741581,-87.653850705
,G274462,05/12/2001 03:30:00 PM,089XX S CRANDON AV,0420,BATTERY,AGGRAVATED:KNIFE/CUTTING INSTR,"SCHOOL, PUBLIC, BUILDING",false,false,0413,,,,04B,1193011,1846375,,41.73341444,-87.568487583
,G274465,05/12/2001 06:00:00 PM,086XX S LAFAYETTE AV,0820,THEFT,$500 AND UNDER,SMALL RETAIL STORE,false,false,0622,,,,06,1177495,1847317,,41.736363714,-87.625301412
,G274383,05/12/2001 12:30:00 AM,006XX W MONROE ST,0820,THEFT,$500 AND UNDER,PARKING LOT/GARAGE(NON.RESID.),false,false,0111,,,,06,1172208,1899855,,41.880651019,-87.6431253
,G274452,05/12/2001 08:11:00 PM,065XX S KENNETH AV,2820,OTHER OFFENSE,TELEPHONE THREAT,RESIDENCE,false,true,0833,,,,26,1147877,1860748,,41.773838139,-87.733469699
,G274505,05/12/2001 06:30:00 PM,024XX N KEDZIE BL,0460,BATTERY,SIMPLE,APARTMENT,false,true,1414,,,,08B,1154663,1916248,,41.926004022,-87.707109674
,G274066,05/12/2001 11:30:00 AM,027XX E 78 ST,2820,OTHER OFFENSE,TELEPHONE THREAT,RESIDENCE,false,false,0421,,,,26,1195764,1853734,,41.753540547,-87.558159337
,G274516,05/12/2001 08:00:00 PM,057XX S HOMAN AV,2825,OTHER OFFENSE,HARASSMENT BY TELEPHONE,RESIDENCE,false,false,0822,,,,26,1154651,1866416,,41.789259637,-87.708486332
,G274530,05/12/2001 08:30:00 AM,059XX S KOLIN AV,1320,CRIMINAL DAMAGE,TO VEHICLE,STREET,false,false,0813,,,,14,1148423,1864931,,41.785306501,-87.731360801
,G274364,05/12/2001 07:15:00 PM,020XX N KENNETH AV,1310,CRIMINAL DAMAGE,TO PROPERTY,RESIDENCE,false,false,2522,,,,14,1146351,1913199,,41.917799784,-87.737730303
,G274365,05/12/2001 05:00:00 PM,024XX N HAMLIN AV,0460,BATTERY,SIMPLE,RESIDENCE PORCH/HALLWAY,false,false,2524,,,,08B,1150589,1916317,,41.926274033,-87.72207793
,G274537,05/12/2001 08:30:00 PM,023XX W 18 PL,2825,OTHER OFFENSE,HARASSMENT BY TELEPHONE,RESIDENCE,false,false,1223,,,,26,1161208,1891066,,41.856768827,-87.68376046
,G274557,05/12/2001 12:00:00 AM,050XX S ARCHER AV,0910,MOTOR VEHICLE THEFT,AUTOMOBILE,STREET,false,false,0815,,,,07,1150501,1871162,,41.802365134,-87.723579778
,G274535,05/12/2001 08:00:00 PM,031XX S PULASKI RD,0810,THEFT,OVER $500,PARKING LOT/GARAGE(NON.RESID.),false,false,1031,,,,06,1150162,1883704,,41.836788726,-87.724497127
,G274576,05/12/2001 06:30:00 PM,070XX S TALMAN AV,2825,OTHER OFFENSE,HARASSMENT BY TELEPHONE,RESIDENCE,false,false,0831,,,,26,1159967,1857707,,41.765253236,-87.689233328
,G274785,05/12/2001 08:00:00 PM,005XX N DEARBORN ST,0820,THEFT,$500 AND UNDER,RESTAURANT,false,false,1831,,,,06,1175804,1903874,,41.891599261,-87.62980025
,G274484,05/12/2001 08:30:00 PM,075XX S CALUMET AV,2825,OTHER OFFENSE,HARASSMENT BY TELEPHONE,RESIDENCE,false,false,0623,,,,26,1179745,1854911,,41.757151431,-87.616826565
,G274373,05/12/2001 10:04:00 AM,064XX S TALMAN AV,2825,OTHER OFFENSE,HARASSMENT BY TELEPHONE,RESIDENCE,false,false,0825,,,,26,1159852,1862014,,41.777074628,-87.68953667
,G274568,05/12/2001 05:00:00 PM,038XX W FILLMORE ST,5001,OTHER OFFENSE,OTHER CRIME INVOLVING PROPERTY,STREET,false,false,1133,,,,26,1151057,1895059,,41.867930778,-87.720915824
,G274609,05/12/2001 09:25:00 PM,040XX N HARLEM AV,1320,CRIMINAL DAMAGE,TO VEHICLE,PARKING LOT/GARAGE(NON.RESID.),false,false,1632,,,,14,1127386,1925838,,41.952823047,-87.807124808
,G274469,05/12/2001 08:00:00 AM,025XX N SAWYER AV,1320,CRIMINAL DAMAGE,TO VEHICLE,STREET,false,false,1413,,,,14,1154002,1916835,,41.927628018,-87.709522847
,G274613,05/12/2001 07:00:00 PM,0000X W 95 ST,0820,THEFT,$500 AND UNDER,CTA TRAIN,false,false,0511,,,,06,1177728,1841907,,41.721512719,-87.624610978
,G274654,05/12/2001 09:30:00 PM,016XX W LAWRENCE AV,0320,ROBBERY,STRONGARM - NO WEAPON,STREET,false,false,2032,,,,03,1164771,1931988,,41.96898678,-87.669519796
,G274667,05/12/2001 08:00:00 PM,066XX N SHERIDAN RD,1320,CRIMINAL DAMAGE,TO VEHICLE,PARKING LOT/GARAGE(NON.RESID.),false,false,2432,,,,14,1166999,1944580,,42.003491889,-87.660964031
,G274648,05/12/2001 10:00:00 AM,063XX W GUNNISON ST,0820,THEFT,$500 AND UNDER,BARBERSHOP,false,false,1622,,,,06,1132774,1931595,,41.968528355,-87.787182959
,G274672,05/12/2001 10:00:00 PM,108XX S TROY ST,2825,OTHER OFFENSE,HARASSMENT BY TELEPHONE,RESIDENCE,false,false,2211,,,,26,1157303,1832597,,41.696401478,-87.699675337
,G274699,05/12/2001 05:00:00 PM,034XX W BEACH AV,5001,OTHER OFFENSE,OTHER CRIME INVOLVING PROPERTY,STREET,false,false,1422,,,,26,1153395,1909469,,41.907427176,-87.711949461
,G274633,05/12/2001 10:00:00 PM,020XX W THOMAS ST,2820,OTHER OFFENSE,TELEPHONE THREAT,RESIDENCE,false,false,1312,,,,26,1162630,1907284,,41.901242785,-87.678086463
,G274719,05/12/2001 12:00:00 PM,005XX N MONTICELLO AV,0910,MOTOR VEHICLE THEFT,AUTOMOBILE,STREET,false,false,1122,,,,07,1151922,1903108,,41.890001122,-87.717528207
,G274732,05/12/2001 05:00:00 PM,057XX S LOOMIS BL,5001,OTHER OFFENSE,OTHER CRIME INVOLVING PROPERTY,STREET,false,false,0713,,,,26,1167944,1866363,,41.788838748,-87.659746604
,G274725,05/12/2001 02:00:00 PM,006XX N TRUMBULL AV,0810,THEFT,OVER $500,RESIDENCE,false,false,1121,,,,06,1153304,1904098,,41.892690452,-87.712426544
,G274735,05/12/2001 08:00:00 PM,008XX W MONTROSE AV,0810,THEFT,OVER $500,STREET,false,false,2322,,,,06,1169929,1929381,,41.961721864,-87.650630412
,G274624,05/12/2001 09:00:00 PM,014XX N LONG AV,0910,MOTOR VEHICLE THEFT,AUTOMOBILE,STREET,false,false,2532,,,,07,1140118,1909396,,41.907480426,-87.760724192
,G274722,05/12/2001 08:15:00 PM,023XX N KENMORE AV,1320,CRIMINAL DAMAGE,TO VEHICLE,COLLEGE/UNIVERSITY GROUNDS,false,false,1811,,,,14,1168946,1915737,,41.92430358,-87.654641627
,G274791,05/12/2001 08:00:00 PM,025XX E 82 ST,0820,THEFT,$500 AND UNDER,STREET,false,false,0423,,,,06,1194687,1851057,,41.746221208,-87.562193993
,G274808,05/12/2001 09:00:00 PM,069XX S JEFFERY BL,0910,MOTOR VEHICLE THEFT,AUTOMOBILE,STREET,false,false,0332,,,,07,1190712,1859004,,41.768125282,-87.576502836
,G274792,05/12/2001 12:00:00 PM,050XX S DR MARTN LUTHR KING JR DR,5001,OTHER OFFENSE,OTHER CRIME INVOLVING PROPERTY,STREET,false,true,0224,,,,26,1179719,1871506,,41.802690344,-87.616414801
,G274858,05/12/2001 07:00:00 PM,018XX W ERIE ST,1320,CRIMINAL DAMAGE,TO VEHICLE,STREET,false,false,1324,,,,14,1163858,1904413,,41.893338719,-87.673656998
,G274836,05/12/2001 09:00:00 PM,051XX S PAULINA ST,0910,MOTOR VEHICLE THEFT,AUTOMOBILE,STREET,false,false,0932,,,,07,1165844,1870481,,41.800183929,-87.667329602
,G274958,05/12/2001 05:15:00 PM,005XX S JEFFERSON ST,0810,THEFT,OVER $500,STREET,false,false,0131,,,,06,1172456,1897585,,41.87441651,-87.642281786
,G275075,05/12/2001 09:00:00 PM,072XX S CAMPBELL AV,5001,OTHER OFFENSE,OTHER CRIME INVOLVING PROPERTY,STREET,false,false,0832,,,,26,1161006,1856409,,41.761669921,-87.685460885
,G273569,05/12/2001 11:52:46 AM,007XX N OGDEN AV,0820,THEFT,$500 AND UNDER,DRUG STORE,false,false,1323,,,,06,1169033,1905449,,41.896070818,-87.654621081
,G273221,05/12/2001 07:30:00 AM,012XX S THROOP ST,0460,BATTERY,SIMPLE,CHA APARTMENT,false,true,1231,,,,08B,1167939,1894504,,41.866060597,-87.658954976
,G274249,05/12/2001 06:11:13 PM,016XX W CHICAGO AV,0820,THEFT,$500 AND UNDER,DEPARTMENT STORE,false,false,1324,,,,06,1165022,1905366,,41.895929184,-87.66935497
,G274361,05/12/2001 07:05:00 PM,003XX S LOOMIS ST,0460,BATTERY,SIMPLE,CHA APARTMENT,false,true,1213,,,,08B,1167153,1898522,,41.877103222,-87.661725021
,G274630,05/12/2001 10:25:03 PM,019XX W MADISON ST,0460,BATTERY,SIMPLE,SPORTS ARENA/STADIUM,false,false,1211,,,,08B,1163721,1900003,,41.881240213,-87.67428454
,G273636,05/12/2001 12:42:38 PM,026XX W THOMAS ST,0430,BATTERY,AGGRAVATED: OTHER DANG WEAPON,ALLEY,false,false,1311,,,,04B,1158833,1907261,,41.901258407,-87.692033839
,G274040,05/12/2001 04:15:00 PM,018XX S LOOMIS ST,1900,OTHER NARCOTIC VIOLATION,INTOXICATING COMPOUNDS,ALLEY,true,false,1222,,,,18,1167367,1891221,,41.857064075,-87.661149184
,G274457,05/12/2001 08:24:49 PM,009XX N WINCHESTER AV,0620,BURGLARY,UNLAWFUL ENTRY,RESIDENCE-GARAGE,false,false,1322,,,,05,1163198,1906048,,41.897839184,-87.676034933
,G274448,05/12/2001 08:15:00 PM,009XX S LYTLE ST,1350,CRIMINAL TRESPASS,TO STATE SUP LAND,CHA APARTMENT,true,false,1213,,,,26,1168142,1895940,,41.869996718,-87.658168289
,G273250,05/12/2001 08:41:01 AM,115XX S YALE AV,041A,BATTERY,AGGRAVATED: HANDGUN,RESIDENCE,false,true,0522,,,,04B,1176724,1828177,,41.683858261,-87.628699899
,G273988,05/12/2001 03:39:53 PM,0000X W 116 ST,0430,BATTERY,AGGRAVATED: OTHER DANG WEAPON,RESIDENCE,false,true,0522,,,,04B,1178117,1827746,,41.682644155,-87.623613599
,G273935,05/12/2001 03:23:07 PM,029XX W WALNUT ST,0910,MOTOR VEHICLE THEFT,AUTOMOBILE,STREET,false,false,1331,,,,07,1156379,1901444,,41.885346009,-87.701205051
,G273117,05/12/2001 04:22:00 AM,016XX W MADISON ST,0420,BATTERY,AGGRAVATED:KNIFE/CUTTING INSTR,APARTMENT,true,false,1211,,,,04B,1165418,1900048,,41.881327767,-87.668051982
,G273751,05/12/2001 01:33:29 PM,053XX S PRINCETON AV,0520,ASSAULT,AGGRAVATED:KNIFE/CUTTING INSTR,STREET,true,true,0934,,,,04A,1175241,1869234,,41.796557071,-87.63290539
,G274441,05/12/2001 07:50:00 PM,013XX S LOOMIS ST,041A,BATTERY,AGGRAVATED: HANDGUN,STREET,false,false,1231,,,,04B,1167204,1894129,,41.865047378,-87.661663977
,G274314,05/12/2001 06:50:00 PM,005XX W MADISON ST,031A,ROBBERY,ARMED: HANDGUN,RESTAURANT,false,false,0111,,,,03,1172543,1900253,,41.881735758,-87.641883445
,G273337,05/12/2001 09:30:00 AM,034XX W 16 ST,0820,THEFT,$500 AND UNDER,STREET,false,false,1021,,,,06,1153604,1891867,,41.85912133,-87.711650119
,G274231,05/12/2001 06:25:00 PM,001XX N STATE ST,1210,DECEPTIVE PRACTICE,THEFT OF LABOR/SERVICES,CTA PLATFORM,true,false,0122,,,,11,1176305,1901089,,41.883945784,-87.628044394
,G274550,05/12/2001 09:15:00 PM,011XX W 18 ST,0530,ASSAULT,AGGRAVATED: OTHER DANG WEAPON,STREET,true,false,1233,,,,04A,1168821,1891600,,41.858072724,-87.655801235
,G274198,05/12/2001 05:40:00 PM,039XX W 31 ST,0820,THEFT,$500 AND UNDER,PARKING LOT/GARAGE(NON.RESID.),false,false,1031,,,,06,1150380,1883703,,41.836781739,-87.723697216
,G273103,05/12/2001 03:20:00 AM,055XX N CLARK ST,0820,THEFT,$500 AND UNDER,GROCERY FOOD STORE,true,false,2012,,,,06,1164969,1936801,,41.982189608,-87.66865444
,G274229,05/12/2001 06:15:00 PM,001XX N STATE ST,1210,DECEPTIVE PRACTICE,THEFT OF LABOR/SERVICES,CTA PLATFORM,true,false,0122,,,,11,1176305,1901089,,41.883945784,-87.628044394
,G272898,05/12/2001 12:09:06 AM,077XX S GREEN ST,0430,BATTERY,AGGRAVATED: OTHER DANG WEAPON,RESIDENCE,false,false,0621,,,,04B,1172014,1853701,,41.754004236,-87.645194836
,G273518,05/12/2001 12:30:00 AM,025XX S PULASKI RD,0610,BURGLARY,FORCIBLE ENTRY,GROCERY FOOD STORE,false,false,1013,,,,05,1150146,1887075,,41.846039497,-87.724468149
,G274838,05/12/2001 11:00:00 PM,076XX S NORMAL AV,0460,BATTERY,SIMPLE,STREET,false,false,0621,,,,08B,1174239,1854491,,41.756122968,-87.637017552
,G273098,05/12/2001 03:45:19 AM,078XX S DOBSON AV,0460,BATTERY,SIMPLE,STREET,false,false,0624,,,,08B,1184546,1852973,,41.751722291,-87.599292441
,G274703,05/12/2001 11:00:00 PM,045XX W 16 ST,031A,ROBBERY,ARMED: HANDGUN,SIDEWALK,false,false,1012,,,,03,1146426,1891694,,41.858786198,-87.738002908
,G273297,05/12/2001 09:00:00 AM,005XX S RACINE AV,0820,THEFT,$500 AND UNDER,"SCHOOL, PUBLIC, BUILDING",true,false,1213,,,,06,1168413,1897869,,41.875284191,-87.65711758
,G273114,05/12/2001 04:15:09 AM,075XX S WENTWORTH AV,0460,BATTERY,SIMPLE,APARTMENT,false,true,0623,,,,08B,1176217,1854842,,41.757041992,-87.629758123
,G274347,05/12/2001 07:20:01 PM,085XX S MORGAN ST,0320,ROBBERY,STRONGARM - NO WEAPON,RESIDENCE PORCH/HALLWAY,false,false,0613,,,,03,1171180,1848139,,41.738759631,-87.648413405
,G275108,05/12/2001 10:45:00 PM,060XX W EDDY ST,1310,CRIMINAL DAMAGE,TO PROPERTY,RESIDENCE-GARAGE,false,false,1633,,,,14,1135341,1923019,,41.944949664,-87.777948415
,G274447,05/12/2001 07:10:00 PM,013XX S SPRINGFIELD AV,031A,ROBBERY,ARMED: HANDGUN,RESIDENCE PORCH/HALLWAY,false,false,1011,,,,03,1150557,1893333,,41.863204206,-87.722796494
,G274446,05/12/2001 08:10:16 PM,117XX S MICHIGAN AV,0454,BATTERY,AGG PO HANDS NO/MIN INJURY,ALLEY,true,false,0532,,,,08B,1178907,1827020,,41.680634008,-87.620743716
,G273305,05/12/2001 09:09:54 AM,085XX S DAMEN AV,051A,ASSAULT,AGGRAVATED: HANDGUN,RESIDENCE,true,false,0614,,,,04A,1164465,1848152,,41.738939324,-87.673015498
,G273426,05/12/2001 10:35:00 AM,014XX W 87 ST,051A,ASSAULT,AGGRAVATED: HANDGUN,GROCERY FOOD STORE,false,false,2222,,,,04A,1168500,1847021,,41.735749789,-87.658264514
,G274436,05/12/2001 08:11:00 PM,047XX S SEELEY AV,041A,BATTERY,AGGRAVATED: HANDGUN,SIDEWALK,true,false,0915,,,,04B,1163539,1872924,,41.806936515,-87.6757142
,G274597,05/12/2001 10:00:56 PM,008XX E 133 PL,0430,BATTERY,AGGRAVATED: OTHER DANG WEAPON,CTA BUS,false,false,0533,,,,04B,1184160,1817039,,41.653123877,-87.601825426
,G273445,05/12/2001 10:40:39 AM,006XX E 88 PL,0560,ASSAULT,SIMPLE,STREET,false,false,0632,,,,08A,1182190,1846404,,41.733751058,-87.60812886
,G274687,05/12/2001 09:00:00 PM,034XX W 26 ST,0430,BATTERY,AGGRAVATED: OTHER DANG WEAPON,STREET,false,false,1024,,,,04B,1154099,1886563,,41.844556686,-87.709974456
,G274410,05/12/2001 06:55:30 PM,006XX E 87 ST,0610,BURGLARY,FORCIBLE ENTRY,RESIDENCE,true,false,0632,,,,05,1181993,1847397,,41.736480517,-87.608819941
,G273340,05/12/2001 07:00:00 AM,023XX W 21 PL,0610,BURGLARY,FORCIBLE ENTRY,RESIDENCE,false,false,1223,,,,05,1160862,1889637,,41.852854681,-87.68507007
,G273502,05/12/2001 11:41:25 AM,082XX S ASHLAND AV,1120,DECEPTIVE PRACTICE,FORGERY,CURRENCY EXCHANGE,false,false,0614,,,,10,1167157,1849714,,41.743168574,-87.663107934
,G274266,05/12/2001 05:56:10 PM,017XX W 47 ST,0430,BATTERY,AGGRAVATED: OTHER DANG WEAPON,SIDEWALK,false,false,0931,,,,04B,1165513,1873494,,41.808458985,-87.668458005
,G273889,05/12/2001 02:50:00 PM,006XX S DEARBORN ST,0820,THEFT,$500 AND UNDER,RESIDENCE,false,false,0132,,,,06,1175975,1897637,,41.87448073,-87.629360149
,G274342,05/12/2001 07:19:08 PM,081XX S MARSHFIELD AV,0610,BURGLARY,FORCIBLE ENTRY,APARTMENT,false,false,0614,,,,05,1166792,1850944,,41.746551663,-87.66441028
,G274428,05/12/2001 07:50:00 PM,024XX S LEAVITT ST,0430,BATTERY,AGGRAVATED: OTHER DANG WEAPON,PARK PROPERTY,false,false,1034,,,,04B,1162049,1887711,,41.847544868,-87.680767117
,G274649,05/12/2001 09:00:00 PM,007XX S WESTERN AV,0610,BURGLARY,FORCIBLE ENTRY,BARBERSHOP,false,false,1224,,,,05,1160536,1896921,,41.872849443,-87.686065034
,G273213,05/12/2001 07:57:00 AM,066XX S WESTERN AV,031B,ROBBERY,ARMED: OTHER FIREARM,OTHER,false,false,0832,,,,03,1161563,1860325,,41.772404456,-87.683310945
,G274402,05/12/2001 07:44:59 PM,003XX W 112 PL,0430,BATTERY,AGGRAVATED: OTHER DANG WEAPON,RESIDENCE,true,true,0522,,,,04B,1176246,1830369,,41.689884156,-87.630384219
,G274024,05/12/2001 02:30:00 PM,0000X W MADISON ST,0820,THEFT,$500 AND UNDER,SMALL RETAIL STORE,false,false,0123,,,,06,1176293,1900345,,41.881904477,-87.62811091
,G273997,05/12/2001 04:10:00 PM,031XX W CERMAK RD,0460,BATTERY,SIMPLE,STREET,true,false,1022,,,,08B,1155735,1889247,,41.851889149,-87.703898363
,G274461,05/12/2001 07:50:00 PM,017XX N RICHMOND ST,0810,THEFT,OVER $500,STREET,false,false,1421,,,,06,1156590,1911307,,41.912406691,-87.700162912
,G273651,05/12/2001 12:34:03 PM,004XX E 88 PL,1320,CRIMINAL DAMAGE,TO VEHICLE,STREET,false,true,0632,,,,14,1180928,1846367,,41.733678612,-87.612753306
,G273157,05/12/2001 05:30:00 AM,006XX W HARRISON ST,1330,CRIMINAL TRESPASS,TO LAND,OTHER,true,false,0131,,,,26,1172038,1897598,,41.874461408,-87.6438161
,G272972,05/12/2001 01:09:13 AM,006XX E 131 ST,0320,ROBBERY,STRONGARM - NO WEAPON,CHA PARKING LOT/GROUNDS,false,false,0533,,,,03,1183208,1818600,,41.657429613,-87.605260458
,G273084,05/12/2001 03:15:00 AM,021XX W COULTER ST,0460,BATTERY,SIMPLE,APARTMENT,true,true,1034,,,,08B,1162534,1887917,,41.848100026,-87.678981399
,G274036,05/12/2001 03:59:19 PM,017XX W 76 ST,1310,CRIMINAL DAMAGE,TO PROPERTY,APARTMENT,false,false,0611,,,,14,1166060,1854338,,41.755880864,-87.666996195
,G274038,05/12/2001 04:28:52 PM,082XX S RACINE AV,0820,THEFT,$500 AND UNDER,GROCERY FOOD STORE,true,false,0613,,,,06,1169789,1850382,,41.744944999,-87.653444818
,G274281,05/12/2001 11:00:00 AM,016XX S MICHIGAN AV,0610,BURGLARY,FORCIBLE ENTRY,RESIDENCE-GARAGE,false,false,0132,,,,05,1177521,1892435,,41.860171189,-87.623841839
,G274774,05/12/2001 11:40:00 PM,071XX S HALSTED ST,0930,MOTOR VEHICLE THEFT,THEFT/RECOVERY: AUTOMOBILE,GAS STATION,false,false,0733,,,,07,1172155,1857749,,41.765109358,-87.644559343
,G273486,05/12/2001 11:04:31 AM,115XX S WALLACE ST,0610,BURGLARY,FORCIBLE ENTRY,RESIDENCE,false,false,0524,,,,05,1174415,1828356,,41.684400978,-87.637147082
,G273290,05/12/2001 08:40:00 AM,011XX E 62 ST,0560,ASSAULT,SIMPLE,RESIDENCE,false,true,0314,,,,08A,1184770,1864085,,41.782209414,-87.598123531
,G273765,05/12/2001 11:30:00 AM,042XX W 24 PL,0560,ASSAULT,SIMPLE,RESIDENCE,false,true,1013,,,,08A,1148588,1887343,,41.846805092,-87.730179046
,G274511,05/12/2001 07:15:00 PM,012XX N MILWAUKEE AV,0810,THEFT,OVER $500,SMALL RETAIL STORE,false,false,1433,,,,06,1165598,1908286,,41.903929618,-87.667156173
,G274120,05/12/2001 04:40:06 PM,079XX S LA SALLE ST,0460,BATTERY,SIMPLE,SIDEWALK,false,true,0623,,,,08B,1176621,1852135,,41.749604587,-87.628358827
,G274139,05/12/2001 12:05:00 AM,010XX N WOLCOTT AV,1320,CRIMINAL DAMAGE,TO VEHICLE,VEHICLE NON-COMMERCIAL,false,false,1322,,,,14,1163506,1906926,,41.900242001,-87.674878932
,G275117,05/12/2001 11:00:00 PM,024XX W LUNT AV,1310,CRIMINAL DAMAGE,TO PROPERTY,RESIDENCE-GARAGE,false,false,2411,,,,14,1158490,1946341,,42.008503227,-87.69221985
,G273205,05/12/2001 07:00:00 AM,017XX S STATE ST,0460,BATTERY,SIMPLE,RESIDENCE,false,true,0132,,,,08B,1176569,1891771,,41.858370663,-87.627356385
,G274565,05/12/2001 09:15:00 PM,003XX S GREEN ST,0820,THEFT,$500 AND UNDER,STREET,false,false,1213,,,,06,1170817,1898830,,41.877868932,-87.648262935
,G274026,05/12/2001 04:10:00 PM,012XX S KOSTNER AV,0460,BATTERY,SIMPLE,RESIDENCE,false,true,1011,,,,08B,1147282,1894080,,41.865317348,-87.734799731
,G274778,05/12/2001 11:59:21 PM,118XX S WALLACE ST,033A,ROBBERY,ATTEMPT: ARMED-HANDGUN,STREET,false,false,0524,,,,03,1174390,1826609,,41.679607489,-87.637290266
,G274663,05/12/2001 10:50:00 PM,018XX W NORTH AV,0810,THEFT,OVER $500,OTHER,false,false,1434,,,,06,1164086,1910730,,41.910668212,-87.67264096
,G273363,05/12/2001 09:50:00 AM,040XX E 134 ST,0430,BATTERY,AGGRAVATED: OTHER DANG WEAPON,RESIDENCE,true,false,0433,,,,04B,1204445,1816629,,41.651502472,-87.527619594
,G273354,05/12/2001 09:49:48 AM,0000X N KEDZIE AV,0560,ASSAULT,SIMPLE,BARBERSHOP,false,false,1331,,,,08A,1155080,1900239,,41.882065527,-87.706007581
,G273460,05/12/2001 11:12:36 AM,015XX W 47 ST,0460,BATTERY,SIMPLE,SIDEWALK,false,false,0931,,,,08B,1166761,1873521,,41.808506491,-87.663879851
,G274130,05/12/2001 05:04:28 PM,080XX S JUSTINE ST,0460,BATTERY,SIMPLE,APARTMENT,false,true,0612,,,,08B,1167356,1851642,,41.748455023,-87.662323699
,G274053,05/12/2001 04:00:00 PM,003XX N MICHIGAN AV,0850,THEFT,ATTEMPT THEFT,SMALL RETAIL STORE,false,false,0124,,,,06,1177210,1902164,,41.886875183,-87.624688584
,G274060,05/12/2001 04:00:00 PM,002XX S WABASH AV,0820,THEFT,$500 AND UNDER,SMALL RETAIL STORE,true,false,0123,,,,06,1176805,1899339,,41.879132396,-87.62626131
,G273953,05/12/2001 03:42:10 PM,052XX S PEORIA ST,0460,BATTERY,SIMPLE,STREET,false,false,0934,,,,08B,1171154,1870162,,41.799194008,-87.647865605
,G274172,05/12/2001 05:42:28 PM,078XX S ASHLAND AV,0820,THEFT,$500 AND UNDER,SMALL RETAIL STORE,true,false,0611,,,,06,1166990,1852960,,41.752079625,-87.663627261
,G274174,05/12/2001 05:35:00 PM,012XX S LAWNDALE AV,0460,BATTERY,SIMPLE,RESIDENCE,false,true,1011,,,,08B,1151865,1894081,,41.865231178,-87.717975223
,G274922,05/12/2001 09:00:00 PM,023XX N TALMAN AV,0810,THEFT,OVER $500,STREET,false,false,1431,,,,06,1158275,1915190,,41.923027639,-87.693866291
,G274211,05/12/2001 06:00:46 PM,085XX S LAFLIN ST,051A,ASSAULT,AGGRAVATED: HANDGUN,STREET,false,false,0614,,,,04A,1167858,1848338,,41.739377622,-87.660578847
,G273169,05/12/2001 06:00:00 AM,024XX E 75 ST,1310,CRIMINAL DAMAGE,TO PROPERTY,SMALL RETAIL STORE,false,false,0334,,,,14,1193668,1855742,,41.759102222,-87.565774611
,G273433,05/12/2001 10:46:19 AM,078XX S EUCLID AV,0460,BATTERY,SIMPLE,RESIDENCE,false,true,0414,,,,08B,1190598,1853566,,41.753205707,-87.577095923
,G274163,05/12/2001 05:15:00 PM,006XX S STATE ST,0810,THEFT,OVER $500,STREET,false,false,0132,,,,06,1176421,1897314,,41.873584349,-87.627732401
,G274191,05/12/2001 05:50:54 PM,0000X E 75 ST,0460,BATTERY,SIMPLE,BAR OR TAVERN,false,false,0623,,,,08B,1178331,1855271,,41.758171512,-87.621997707
,G273895,05/12/2001 03:05:38 PM,020XX W 52 PL,0460,BATTERY,SIMPLE,RESIDENCE,false,true,0915,,,,08B,1163744,1869718,,41.798134554,-87.675052377
,G274580,05/12/2001 09:30:00 PM,028XX W 25 ST,0460,BATTERY,SIMPLE,RESIDENCE,true,true,1033,,,,08B,1157835,1887316,,41.846547773,-87.696243358
,G275124,05/12/2001 09:15:00 PM,076XX S JEFFERY BL,1320,CRIMINAL DAMAGE,TO VEHICLE,PARKING LOT/GARAGE(NON.RESID.),false,false,0414,,,,14,1190821,1854774,,41.756515181,-87.576239771
,G274274,05/12/2001 06:40:30 PM,001XX W 87 ST,0820,THEFT,$500 AND UNDER,DEPARTMENT STORE,true,false,0622,,,,06,1176895,1847317,,41.736377238,-87.627499596
,G273813,05/12/2001 02:00:00 PM,026XX N ELSTON AV,0820,THEFT,$500 AND UNDER,DEPARTMENT STORE,true,false,1432,,,,06,1160766,1917694,,41.929847446,-87.684643895
,G274085,05/12/2001 04:40:00 PM,001XX N STATE ST,0850,THEFT,ATTEMPT THEFT,STREET,true,false,0122,,,,06,1176305,1901089,,41.883945784,-87.628044394
,G273945,05/12/2001 03:31:22 PM,038XX S ARCHER AV,0460,BATTERY,SIMPLE,APARTMENT,false,true,0913,,,,08B,1160038,1878997,,41.823674364,-87.68838765
,G273076,05/12/2001 03:02:44 AM,073XX S PHILLIPS AV,0460,BATTERY,SIMPLE,RESIDENCE PORCH/HALLWAY,true,true,0334,,,,08B,1193886,1856486,,41.761138475,-87.564951311
,G274310,05/12/2001 06:53:18 PM,076XX S DREXEL AV,0460,BATTERY,SIMPLE,APARTMENT,false,true,0624,,,,08B,1183521,1854321,,41.755445278,-87.603006614
,G273045,05/12/2001 02:34:53 AM,080XX S MAY ST,0910,MOTOR VEHICLE THEFT,AUTOMOBILE,STREET,false,false,0612,,,,07,1170002,1851715,,41.748598311,-87.652625715
,G274723,05/12/2001 10:40:00 PM,027XX W OGDEN AV,1310,CRIMINAL DAMAGE,TO PROPERTY,CHA PARKING LOT/GROUNDS,true,false,1023,,,,14,1158452,1892995,,41.862118973,-87.693823763
,G273604,05/12/2001 12:26:03 PM,010XX E 93 ST,0460,BATTERY,SIMPLE,STREET,false,false,0413,,,,08B,1184724,1843564,,41.725898814,-87.598934396
,G273214,05/12/2001 07:40:10 AM,016XX N KARLOV AV,0930,MOTOR VEHICLE THEFT,THEFT/RECOVERY: AUTOMOBILE,STREET,false,false,2534,,,,07,1148757,1910661,,41.910789075,-87.728956188
,G274275,05/12/2001 06:28:41 PM,050XX S RACINE AV,0460,BATTERY,SIMPLE,STREET,false,false,0921,,,,08B,1169214,1871394,,41.802616985,-87.654944386
,G274336,05/12/2001 06:44:11 PM,082XX S CARPENTER ST,0420,BATTERY,AGGRAVATED:KNIFE/CUTTING INSTR,SIDEWALK,true,false,0613,,,,04B,1170793,1850060,,41.74403956,-87.649775388
,G273562,05/12/2001 11:45:00 AM,013XX E 79 ST,0820,THEFT,$500 AND UNDER,DEPARTMENT STORE,false,false,0411,,,,06,1186615,1852922,,41.751533653,-87.59171223
,G274403,05/12/2001 07:28:48 PM,051XX S CARPENTER ST,0460,BATTERY,SIMPLE,STREET,false,false,0934,,,,08B,1170140,1870960,,41.801405936,-87.651560969
,G274371,05/12/2001 07:22:31 PM,0000X W 79 ST,1320,CRIMINAL DAMAGE,TO VEHICLE,STREET,false,false,0623,,,,14,1177315,1852582,,41.750815576,-87.625802269
,G274582,05/12/2001 09:36:22 PM,016XX N HAMLIN AV,0910,MOTOR VEHICLE THEFT,AUTOMOBILE,STREET,true,false,2535,,,,07,1150757,1910603,,41.910591011,-87.721610372
,G273991,05/12/2001 03:20:00 PM,0000X S CLARK ST,0810,THEFT,OVER $500,DEPARTMENT STORE,false,false,0112,,,,06,1175583,1900167,,41.881432015,-87.630723341
,G274689,05/12/2001 10:56:00 PM,026XX W 63 ST,031A,ROBBERY,ARMED: HANDGUN,ALLEY,false,false,0825,,,,03,1159855,1862739,,41.779064069,-87.689505773
,G273704,05/12/2001 12:40:00 PM,012XX W NORTH AV,0820,THEFT,$500 AND UNDER,DEPARTMENT STORE,true,false,1433,,,,06,1167994,1910835,,41.910872836,-87.65828143
,G274394,05/12/2001 07:40:55 PM,079XX S LOOMIS ST,0460,BATTERY,SIMPLE,SIDEWALK,false,false,0612,,,,08B,1168414,1852171,,41.749883965,-87.65843161
,G273104,05/12/2001 01:25:00 AM,038XX N MILWAUKEE AV,0430,BATTERY,AGGRAVATED: OTHER DANG WEAPON,FACTORY/MANUFACTURING BUILDING,false,false,1731,,,,04B,1145122,1924921,,41.949989383,-87.741948674
,G273885,05/12/2001 02:45:00 PM,056XX N MILWAUKEE AV,051A,ASSAULT,AGGRAVATED: HANDGUN,STREET,true,false,1622,,,,04A,1136192,1936843,,41.982868859,-87.774489022
,G274370,05/12/2001 01:30:00 PM,018XX E 87 ST,0820,THEFT,$500 AND UNDER,STREET,false,false,0412,,,,06,1189716,1847688,,41.737097157,-87.580516515
,G274418,05/12/2001 07:59:26 PM,083XX S STATE ST,1310,CRIMINAL DAMAGE,TO PROPERTY,CTA BUS,false,false,0632,,,,14,1177698,1849941,,41.743559707,-87.624478508
,G273743,05/12/2001 12:49:00 PM,070XX S PULASKI RD,0820,THEFT,$500 AND UNDER,DEPARTMENT STORE,true,false,0833,,,,06,1150888,1857319,,41.764370242,-87.722521111
,G274467,05/12/2001 08:40:01 PM,081XX S LAFAYETTE AV,1320,CRIMINAL DAMAGE,TO VEHICLE,STREET,false,false,0622,,,,14,1177309,1851260,,41.747187986,-87.625864088
,G274350,05/12/2001 06:40:00 PM,040XX N LAVERGNE AV,0430,BATTERY,AGGRAVATED: OTHER DANG WEAPON,RESIDENCE,false,false,1624,,,,04B,1142259,1926554,,41.954524208,-87.752432189
,G274563,05/12/2001 08:38:20 PM,078XX S PAULINA ST,0520,ASSAULT,AGGRAVATED:KNIFE/CUTTING INSTR,RESIDENCE PORCH/HALLWAY,false,false,0611,,,,04A,1166415,1852638,,41.751208274,-87.665743541
,G272935,05/12/2001 12:30:00 AM,057XX N MILWAUKEE AV,031A,ROBBERY,ARMED: HANDGUN,GROCERY FOOD STORE,false,false,1622,,,,03,1135309,1938259,,41.986770248,-87.777702773
,G275122,05/12/2001 08:30:00 PM,069XX N HAMILTON AV,1320,CRIMINAL DAMAGE,TO VEHICLE,STREET,false,false,2411,,,,14,1160697,1946281,,42.008292945,-87.684101401
,G274590,05/12/2001 09:00:00 PM,046XX S CICERO AV,0320,ROBBERY,STRONGARM - NO WEAPON,STREET,false,false,0814,,,,03,1145109,1873134,,41.807879873,-87.74330517
,G274327,05/12/2001 06:59:29 PM,068XX N WESTERN AV,1320,CRIMINAL DAMAGE,TO VEHICLE,STREET,false,false,2411,,,,14,1159041,1945169,,42.005275881,-87.690224969
,G274564,05/12/2001 09:41:02 PM,078XX S PAULINA ST,0560,ASSAULT,SIMPLE,SIDEWALK,false,false,0611,,,,08A,1166415,1852638,,41.751208274,-87.665743541
,G274501,05/12/2001 08:35:00 PM,008XX W AINSLIE ST,0460,BATTERY,SIMPLE,APARTMENT,false,true,2024,,,,08B,1169601,1932946,,41.971511494,-87.651732047
,G275119,05/12/2001 11:00:00 PM,052XX N LARNED AV,0810,THEFT,OVER $500,STREET,false,false,1623,,,,06,1140202,1934926,,41.977535716,-87.759788112
,G273922,05/12/2001 03:00:00 PM,097XX S HOXIE AV,0560,ASSAULT,SIMPLE,DRIVEWAY - RESIDENTIAL,false,false,0431,,,,08A,1195110,1840837,,41.718166228,-87.560980098
,G273067,05/12/2001 02:57:33 AM,062XX S KING DR,0460,BATTERY,SIMPLE,APARTMENT,false,true,0312,,,,08B,1179958,1863504,,41.780726643,-87.615783232
,G274382,05/12/2001 07:18:48 PM,069XX N CLARK ST,0460,BATTERY,SIMPLE,GROCERY FOOD STORE,false,false,2424,,,,08B,1163547,1945796,,42.006902308,-87.673629321
,G273422,05/12/2001 10:50:00 AM,059XX S MAPLEWOOD AV,0820,THEFT,$500 AND UNDER,RESIDENCE,false,false,0824,,,,06,1160355,1864987,,41.785222604,-87.687610826
,G272964,05/12/2001 01:00:00 AM,064XX W HIGGINS AV,0810,THEFT,OVER $500,PARKING LOT/GARAGE(NON.RESID.),false,false,1613,,,,06,1132357,1934468,,41.976419431,-87.788649113
,G273647,05/12/2001 12:36:04 PM,016XX N MOODY AV,031A,ROBBERY,ARMED: HANDGUN,RESIDENCE,false,false,2513,,,,03,1135200,1910462,,41.910494329,-87.778765201
,G275133,05/12/2001 09:00:00 PM,049XX W HENDERSON ST,1310,CRIMINAL DAMAGE,TO PROPERTY,RESIDENCE-GARAGE,false,false,1634,,,,14,1142848,1921858,,41.941626982,-87.750384324
,G274581,05/12/2001 08:28:00 PM,079XX S ELLIS AV,1310,CRIMINAL DAMAGE,TO PROPERTY,APARTMENT,false,false,0624,,,,14,1184320,1852199,,41.749603644,-87.600144786
,G274151,05/12/2001 05:05:12 PM,016XX W PRATT BL,0460,BATTERY,SIMPLE,SIDEWALK,true,false,2431,,,,08B,1164462,1945288,,42.005488948,-87.67027737
,G273687,05/12/2001 01:10:00 PM,072XX S RHODES AV,0520,ASSAULT,AGGRAVATED:KNIFE/CUTTING INSTR,OTHER,true,true,0323,,,,04A,1181118,1857159,,41.76328869,-87.611725671
,G273930,05/12/2001 03:35:00 PM,070XX S ARTESIAN AV,1310,CRIMINAL DAMAGE,TO PROPERTY,RESIDENCE,false,false,0832,,,,14,1161214,1858032,,41.766119368,-87.684653681
,G274485,05/12/2001 08:37:41 PM,014XX W DEVON AV,0460,BATTERY,SIMPLE,GROCERY FOOD STORE,false,false,2432,,,,08B,1165344,1942648,,41.998225942,-87.667108005
,G272903,05/12/2001 12:15:34 AM,008XX W VERMONT ST,0460,BATTERY,SIMPLE,RESIDENCE,false,true,0523,,,,08B,1172842,1819983,,41.661458818,-87.643150865
,G273676,05/12/2001 12:30:00 PM,078XX S KINGSTON AV,1320,CRIMINAL DAMAGE,TO VEHICLE,STREET,false,false,0421,,,,14,1194515,1853195,,41.752092279,-87.562754066
,G273122,05/12/2001 04:00:00 AM,067XX S EAST END AV,0460,BATTERY,SIMPLE,APARTMENT,false,true,0332,,,,08B,1188658,1860505,,41.7722935,-87.583983652
,G273440,05/12/2001 10:52:13 AM,062XX S UNIVERSITY AV,0420,BATTERY,AGGRAVATED:KNIFE/CUTTING INSTR,SIDEWALK,false,false,0314,,,,04B,1184886,1863848,,41.781556343,-87.597705683
,G274149,05/12/2001 05:14:26 PM,072XX N CLARK ST,1330,CRIMINAL TRESPASS,TO LAND,DEPARTMENT STORE,true,false,2424,,,,26,1163196,1948028,,42.013034379,-87.674857541
,G273924,05/12/2001 03:22:00 PM,069XX S CICERO AV,1320,CRIMINAL DAMAGE,TO VEHICLE,STREET,false,false,0833,,,,14,1145613,1858449,,41.767572322,-87.741827152
,G273829,05/12/2001 02:30:50 PM,052XX N BROADWAY,0460,BATTERY,SIMPLE,STREET,false,true,2023,,,,08B,1167405,1935025,,41.977263993,-87.659746865
,G273449,05/12/2001 12:30:00 AM,053XX S MCVICKER AV,0610,BURGLARY,FORCIBLE ENTRY,RESIDENCE-GARAGE,false,false,0811,,,,05,1136976,1868749,,41.795996026,-87.77324027
,G274399,05/12/2001 07:40:00 PM,029XX E 81 ST,1320,CRIMINAL DAMAGE,TO VEHICLE,STREET,false,false,0422,,,,14,1197571,1851877,,41.748399938,-87.551599316
,G274161,05/12/2001 05:25:00 PM,070XX S CARPENTER ST,0560,ASSAULT,SIMPLE,SIDEWALK,false,false,0733,,,,08A,1170497,1857851,,41.765425531,-87.65063343
,G274092,05/12/2001 04:45:00 PM,070XX S STONY ISLAND AV,0820,THEFT,$500 AND UNDER,GAS STATION,true,false,0332,,,,06,1188171,1858862,,41.7677966,-87.585821169
,G274592,05/12/2001 08:50:55 PM,079XX S LANGLEY AV,2900,WEAPONS VIOLATION,UNLAWFUL USE/SALE AIR RIFLE,SIDEWALK,true,false,0624,,,,15,1182225,1852744,,41.751147915,-87.607804813
,G274560,05/12/2001 09:16:19 PM,082XX S MARQUETTE AV,0460,BATTERY,SIMPLE,RESIDENCE PORCH/HALLWAY,false,false,0423,,,,08B,1195561,1850861,,41.74566183,-87.558997994
,G273543,05/12/2001 10:15:00 AM,025XX W DIVISION ST,0620,BURGLARY,UNLAWFUL ENTRY,RESIDENCE,false,false,1423,,,,05,1159410,1907936,,41.903098806,-87.689895865
,G273072,05/12/2001 03:05:29 AM,132XX S FORRESTVILLE AV,0460,BATTERY,SIMPLE,RESIDENCE,false,true,0533,,,,08B,1182361,1817676,,41.654913607,-87.608388191
,G275141,05/12/2001 07:00:00 PM,048XX W BYRON ST,1310,CRIMINAL DAMAGE,TO PROPERTY,RESIDENCE-GARAGE,false,false,1634,,,,14,1143275,1925439,,41.951445592,-87.748725134
,G274063,05/12/2001 11:30:00 AM,050XX S KEDZIE AV,0820,THEFT,$500 AND UNDER,DEPARTMENT STORE,true,false,0821,,,,06,1155864,1870748,,41.801122976,-87.703922316
,G274267,05/12/2001 06:35:00 PM,073XX S ABERDEEN ST,0460,BATTERY,SIMPLE,RESIDENCE,true,true,0733,,,,08B,1170217,1855996,,41.760341268,-87.651713594
,G274717,05/12/2001 10:30:00 PM,021XX N LAVERGNE AV,033A,ROBBERY,ATTEMPT: ARMED-HANDGUN,STREET,false,false,2522,,,,03,1142666,1913841,,41.919630929,-87.7512533
,G274546,05/12/2001 09:00:00 PM,048XX N FRANCISCO AV,0460,BATTERY,SIMPLE,"SCHOOL, PRIVATE, BUILDING",false,false,2031,,,,08B,1156368,1932113,,41.969504285,-87.700414126
,G273247,05/12/2001 08:30:00 AM,052XX N DELPHIA AV,1320,CRIMINAL DAMAGE,TO VEHICLE,STREET,false,true,1614,,,,14,1117937,1933434,,41.973821366,-87.841700516
,G273003,05/12/2001 01:40:56 AM,032XX S ASHLAND AV,0460,BATTERY,SIMPLE,PARKING LOT/GARAGE(NON.RESID.),false,false,0922,,,,08B,1166241,1883011,,41.834559167,-87.665516558
,G274706,05/12/2001 11:00:31 PM,087XX S MICHIGAN AV,0560,ASSAULT,SIMPLE,APARTMENT,false,true,0632,,,,08A,1178712,1847289,,41.736259318,-87.620843617
,G272913,05/12/2001 11:45:00 PM,064XX S UNIVERSITY AV,0420,BATTERY,AGGRAVATED:KNIFE/CUTTING INSTR,PARK PROPERTY,false,true,0314,,,,04B,1184773,1862597,,41.778126142,-87.598159174
,G274645,05/12/2001 10:00:00 PM,010XX E 62 ST,0460,BATTERY,SIMPLE,RESIDENCE,true,true,0314,,,,08B,1184286,1864153,,41.782407355,-87.599895858
,G272989,05/12/2001 01:50:37 AM,007XX E 105 PL,0460,BATTERY,SIMPLE,RESIDENCE,false,true,0512,,,,08B,1183116,1835120,,41.702764933,-87.605086157
,G274642,05/12/2001 10:20:00 PM,060XX N BROADWAY,0820,THEFT,$500 AND UNDER,GROCERY FOOD STORE,true,false,2433,,,,06,1167254,1940095,,41.991179462,-87.660155617
,G274596,05/12/2001 09:48:52 PM,113XX S INDIANA AV,0460,BATTERY,SIMPLE,STREET,false,true,0531,,,,08B,1179555,1829748,,41.688105306,-87.61828885
,G274742,05/12/2001 11:40:36 PM,037XX N MAJOR AV,1320,CRIMINAL DAMAGE,TO VEHICLE,STREET,false,false,1633,,,,14,1137647,1924375,,41.948629351,-87.769439553
,G274709,05/12/2001 11:07:46 PM,079XX S LAFLIN ST,1310,CRIMINAL DAMAGE,TO PROPERTY,APARTMENT,true,true,0612,,,,14,1167671,1852233,,41.750070063,-87.661152509
,G273630,05/12/2001 12:25:57 PM,009XX W 31 PL,0610,BURGLARY,FORCIBLE ENTRY,RESIDENCE,false,false,0924,,,,05,1170455,1884046,,41.837308361,-87.650024104
,G273515,05/12/2001 11:31:28 AM,062XX S ARTESIAN AV,0430,BATTERY,AGGRAVATED: OTHER DANG WEAPON,STREET,false,true,0825,,,,04B,1161154,1863032,,41.779841314,-87.684735389
,G273404,05/12/2001 10:13:11 AM,051XX S WOLCOTT AV,0610,BURGLARY,FORCIBLE ENTRY,RESIDENCE,false,false,0915,,,,05,1164517,1870457,,41.800146181,-87.672196795
,G273207,05/12/2001 07:24:50 AM,003XX E 134 ST,0460,BATTERY,SIMPLE,RESIDENCE,false,true,0533,,,,08B,1180774,1816500,,41.651722955,-87.614230934
,G274659,05/12/2001 10:35:00 PM,024XX E 76 ST,0460,BATTERY,SIMPLE,SIDEWALK,false,false,0421,,,,08B,1193721,1855002,,41.757070307,-87.565604575
,G274752,05/12/2001 11:45:00 PM,062XX W BERTEAU AV,1320,CRIMINAL DAMAGE,TO VEHICLE,STREET,false,false,1624,,,,14,1133738,1927297,,41.956717297,-87.783739675
,G274593,05/12/2001 09:11:00 PM,052XX N RAVENSWOOD AV,1330,CRIMINAL TRESPASS,TO LAND,OTHER,false,false,2012,,,,26,1163449,1934970,,41.977197509,-87.674296404
,G274750,05/12/2001 11:47:51 PM,080XX S THROOP ST,0460,BATTERY,SIMPLE,APARTMENT,false,false,0612,,,,08B,1169025,1851153,,41.747077261,-87.656221998
,G274711,05/12/2001 11:19:27 PM,003XX W 113 ST,0460,BATTERY,SIMPLE,RESIDENCE,false,true,0522,,,,08B,1176201,1829956,,41.68875183,-87.6305613
,G274304,05/12/2001 06:24:22 PM,061XX S PEORIA ST,0430,BATTERY,AGGRAVATED: OTHER DANG WEAPON,APARTMENT,true,false,0712,,,,04B,1171399,1864108,,41.782575793,-87.647144334
,G274466,05/12/2001 06:37:21 PM,064XX N CLARK ST,3750,INTERFERENCE WITH PUBLIC OFFICER,ESCAPE,POLICE FACILITY/VEH PARKING LOT,true,false,2432,,,,24,1164193,1943199,,41.999762395,-87.671326465
,G275142,05/12/2001 06:00:00 PM,017XX N SAYRE AV,0610,BURGLARY,FORCIBLE ENTRY,RESIDENCE-GARAGE,false,false,2513,,,,05,1129273,1911012,,41.912106695,-87.80052665
,G274205,05/12/2001 05:52:46 PM,113XX S LANGLEY AV,4387,OTHER OFFENSE,VIOLATE ORDER OF PROTECTION,RESIDENCE,false,false,0531,,,,26,1182975,1829896,,41.688432856,-87.605764042
,G275151,05/12/2001 12:00:00 PM,017XX E 91 ST,0810,THEFT,OVER $500,OTHER,false,false,0413,,,,06,1189661,1844948,,41.729579646,-87.580805785
,G273918,05/12/2001 03:25:55 PM,047XX S ASHLAND AV,0820,THEFT,$500 AND UNDER,DEPARTMENT STORE,true,false,0931,,,,06,1166423,1873520,,41.808510965,-87.665119588
,G274698,05/12/2001 08:00:00 PM,100XX S LUELLA AV,0460,BATTERY,SIMPLE,SIDEWALK,false,false,0431,,,,08B,1193110,1839076,,41.71338287,-87.568362516
,G274701,05/12/2001 05:00:00 PM,046XX N AUSTIN AV,0460,BATTERY,SIMPLE,APARTMENT,true,true,1622,,,,08B,1135457,1930575,,41.965682023,-87.777341852
,G274175,05/12/2001 05:37:02 PM,121XX S GREEN ST,0560,ASSAULT,SIMPLE,STREET,true,true,0524,,,,08A,1172900,1824131,,41.672840353,-87.642816997
,G274033,05/12/2001 11:30:00 AM,050XX S KEDZIE AV,0820,THEFT,$500 AND UNDER,DEPARTMENT STORE,true,false,0821,,,,06,1155864,1870748,,41.801122976,-87.703922316
,G273980,05/12/2001 03:45:00 PM,066XX N WESTERN AV,0460,BATTERY,SIMPLE,PARK PROPERTY,false,false,2412,,,,08B,1159158,1943779,,42.001459262,-87.689832953
,G273886,05/12/2001 03:04:01 PM,037XX W GRAND AV,031A,ROBBERY,ARMED: HANDGUN,SMALL RETAIL STORE,true,false,2535,,,,03,1151174,1908039,,41.903546979,-87.720145791
,G272948,05/12/2001 12:53:25 AM,001XX W 73 ST,0460,BATTERY,SIMPLE,APARTMENT,false,false,0731,,,,08B,1176455,1856621,,41.76191843,-87.628832503
,G274874,05/12/2001 11:30:00 PM,080XX S MARSHFIELD AV,0460,BATTERY,SIMPLE,APARTMENT,false,false,0611,,,,08B,1166789,1851051,,41.74684535,-87.664418224
,G274012,05/12/2001 03:59:29 PM,006XX E 102 ST,1310,CRIMINAL DAMAGE,TO PROPERTY,STREET,false,true,0511,,,,14,1182112,1837422,,41.709105158,-87.608691589
,G274048,05/12/2001 04:45:00 AM,047XX W 59 ST,0930,MOTOR VEHICLE THEFT,THEFT/RECOVERY: AUTOMOBILE,PARKING LOT/GARAGE(NON.RESID.),false,false,0813,,,,07,1145532,1865028,,41.785627739,-87.741958224
,G273703,05/12/2001 01:11:13 PM,051XX S ASHLAND AV,0850,THEFT,ATTEMPT THEFT,SMALL RETAIL STORE,false,false,0932,,,,06,1166501,1870741,,41.800883405,-87.66491277
,G273428,05/12/2001 10:50:19 AM,027XX N CLYBOURN AV,0820,THEFT,$500 AND UNDER,GROCERY FOOD STORE,true,false,1931,,,,06,1162879,1918137,,41.931018934,-87.676866728
,G275161,05/12/2001 01:25:00 PM,044XX S CALIFORNIA AV,2826,OTHER OFFENSE,HARASSMENT BY ELECTRONIC MEANS,RESIDENCE,false,false,0912,,,,26,1158401,1875122,,41.813074446,-87.694498942
,G273163,05/12/2001 05:48:07 AM,038XX W NORTH AV,031A,ROBBERY,ARMED: HANDGUN,ALLEY,false,false,2535,,,,03,1150684,1910323,,41.909824093,-87.721885881
,G274354,05/12/2001 07:15:00 PM,048XX N HARLEM AV,0460,BATTERY,SIMPLE,RESIDENCE,false,true,1613,,,,08B,1127389,1932063,,41.969905086,-87.806973211
,G273578,05/12/2001 11:59:38 AM,111XX S KING DR,0460,BATTERY,SIMPLE,RESIDENCE,true,true,0531,,,,08B,1180934,1831064,,41.691685072,-87.613200206
,G274214,05/12/2001 05:00:00 PM,076XX S CICERO AV,0820,THEFT,$500 AND UNDER,DEPARTMENT STORE,false,false,0833,,,,06,1145766,1853744,,41.754658085,-87.741385006
,G274715,05/12/2001 11:15:00 PM,089XX S EXCHANGE AV,0460,BATTERY,SIMPLE,ALLEY,true,false,0423,,,,08B,1197358,1846263,,41.732999996,-87.552566443
,G274631,05/12/2001 10:00:00 PM,067XX N OLMSTED AV,0460,BATTERY,SIMPLE,RESIDENCE,false,true,1612,,,,08B,1124133,1944179,,42.003206918,-87.818678202
,G274523,05/12/2001 07:40:00 PM,015XX W 115 ST,0520,ASSAULT,AGGRAVATED:KNIFE/CUTTING INSTR,RESIDENCE,false,false,2234,,,,04A,1167955,1828502,,41.684942448,-87.660791108
,G273292,05/12/2001 09:00:00 AM,072XX S DORCHESTER AV,0460,BATTERY,SIMPLE,STREET,false,false,0324,,,,08B,1186756,1857187,,41.763233878,-87.591060688
,G274186,05/12/2001 05:48:51 PM,015XX N AVERS AV,0320,ROBBERY,STRONGARM - NO WEAPON,SIDEWALK,false,false,2535,,,,03,1150383,1910015,,41.908984794,-87.722999689
,G273333,05/12/2001 07:30:00 AM,045XX N PULASKI RD,0910,MOTOR VEHICLE THEFT,AUTOMOBILE,STREET,false,false,1723,,,,07,1148869,1929852,,41.963448647,-87.728046961
,G274079,05/12/2001 04:40:00 PM,024XX N LINCOLN AV,0520,ASSAULT,AGGRAVATED:KNIFE/CUTTING INSTR,RESTAURANT,true,false,1933,,,,04A,1170019,1916604,,41.926659299,-87.650673643
,G274224,05/12/2001 05:30:00 PM,076XX S CICERO AV,0820,THEFT,$500 AND UNDER,DEPARTMENT STORE,false,false,0833,,,,06,1145766,1853744,,41.754658085,-87.741385006
,G273187,05/12/2001 06:54:50 AM,059XX S PRINCETON AV,0326,ROBBERY,AGGRAVATED VEHICULAR HIJACKING,STREET,false,false,0711,,,,03,1175354,1865214,,41.785523251,-87.632611164
,G275160,05/12/2001 05:00:00 PM,008XX N LAWNDALE AV,1320,CRIMINAL DAMAGE,TO VEHICLE,STREET,false,false,1112,,,,14,1151517,1905633,,41.896937944,-87.718949159
,G273014,05/12/2001 01:48:00 AM,009XX W MARGATE TR,1330,CRIMINAL TRESPASS,TO LAND,APARTMENT,false,false,2024,,,,26,1169146,1933242,,41.972333648,-87.653396491
,G273274,05/12/2001 09:05:00 AM,077XX S YATES BL,2850,PUBLIC PEACE VIOLATION,BOMB THREAT,APARTMENT,false,false,0421,,,,26,1193590,1853750,,41.753637927,-87.566125577
,G274042,05/12/2001 04:30:00 PM,033XX N WESTERN AV,0820,THEFT,$500 AND UNDER,GROCERY FOOD STORE,true,false,1913,,,,06,1159722,1922404,,41.942793601,-87.688350103
,G273794,05/12/2001 02:04:15 PM,054XX S WINCHESTER AV,0910,MOTOR VEHICLE THEFT,AUTOMOBILE,STREET,false,false,0915,,,,07,1164233,1868833,,41.795695715,-87.67328404
,G273579,05/12/2001 11:55:00 AM,069XX S CLYDE AV,0460,BATTERY,SIMPLE,STREET,false,true,0331,,,,08B,1191367,1859446,,41.769322323,-87.574087695
,G273959,05/12/2001 03:45:51 PM,009XX W 71 ST,1310,CRIMINAL DAMAGE,TO PROPERTY,RESIDENCE,false,false,0733,,,,14,1171422,1857801,,41.765268128,-87.647244481
,G273216,05/12/2001 07:55:09 AM,018XX N LOWELL AV,0453,BATTERY,AGGRAVATED PO: OTHER DANG WEAP,OTHER,true,false,2534,,,,04B,1147142,1911812,,41.913978608,-87.734859668
,G274258,05/12/2001 05:20:00 PM,050XX S KEDZIE AV,0820,THEFT,$500 AND UNDER,DEPARTMENT STORE,true,false,0821,,,,06,1155864,1870748,,41.801122976,-87.703922316
,G275174,05/12/2001 02:30:00 PM,092XX S STATE ST,0910,MOTOR VEHICLE THEFT,AUTOMOBILE,STREET,false,false,0634,,,,07,1177965,1843437,,41.725705881,-87.623696699
,G274591,05/12/2001 08:30:00 PM,013XX W 89 ST,0460,BATTERY,SIMPLE,RESIDENCE,true,true,2222,,,,08B,1168970,1845827,,41.732463152,-87.656577005
,G273963,05/12/2001 03:59:47 PM,020XX W JAMES ST,0460,BATTERY,SIMPLE,STREET,false,false,0915,,,,08B,1163563,1870384,,41.799965942,-87.675697454
,G274088,05/12/2001 04:30:26 PM,033XX S LEAVITT ST,1090,ARSON,ATTEMPT ARSON,RESIDENCE,false,false,0913,,,,09,1162183,1882708,,41.83381331,-87.680414914
,G273077,05/12/2001 02:54:00 AM,049XX N BROADWAY,1310,CRIMINAL DAMAGE,TO PROPERTY,GROCERY FOOD STORE,false,false,2033,,,,14,1167456,1933184,,41.972211132,-87.65961256
,G274760,05/12/2001 11:50:00 PM,072XX S WOODLAWN AV,0430,BATTERY,AGGRAVATED: OTHER DANG WEAPON,SIDEWALK,false,false,0324,,,,04B,1185419,1857495,,41.764110614,-87.595951305
,G273025,05/12/2001 02:12:00 AM,037XX N AUSTIN AV,0460,BATTERY,SIMPLE,SIDEWALK,false,false,1633,,,,08B,1135728,1924568,,41.949193391,-87.776488944
,G273420,05/12/2001 10:00:00 AM,058XX S ELLIS AV,1330,CRIMINAL TRESPASS,TO LAND,"SCHOOL, PRIVATE, BUILDING",true,false,2133,,,,26,1183934,1866643,,41.789248362,-87.60110863
,G275158,05/12/2001 10:00:00 PM,031XX W JARVIS AV,0610,BURGLARY,FORCIBLE ENTRY,RESIDENCE-GARAGE,false,false,2411,,,,05,1154026,1948899,,42.015613037,-87.708575427
,G274018,05/12/2001 04:20:00 PM,101XX S EMERALD AV,0460,BATTERY,SIMPLE,RESIDENCE,false,true,2232,,,,08B,1173146,1837296,,41.708961756,-87.64152965
,G274517,05/12/2001 08:10:00 PM,016XX W 57 ST,0430,BATTERY,AGGRAVATED: OTHER DANG WEAPON,APARTMENT,true,true,0715,,,,04B,1166230,1866867,,41.790258463,-87.666016907
,G273444,05/12/2001 10:30:00 AM,046XX S LAKE PARK AV,0460,BATTERY,SIMPLE,RESIDENCE,false,true,2123,,,,08B,1186043,1874382,,41.810435208,-87.593131365
,G273797,05/12/2001 02:01:27 PM,033XX W 37 PL,1310,CRIMINAL DAMAGE,TO PROPERTY,RESTAURANT,false,false,0913,,,,14,1154719,1879497,,41.825154337,-87.707887949
,G273759,05/12/2001 01:15:00 PM,018XX W FULLERTON AV,0820,THEFT,$500 AND UNDER,DEPARTMENT STORE,true,false,1931,,,,06,1163568,1916014,,41.925178789,-87.67439475
,G275181,05/12/2001 10:00:00 PM,097XX S EWING AV,1310,CRIMINAL DAMAGE,TO PROPERTY,RESIDENCE-GARAGE,false,false,0432,,,,14,1202085,1840923,,41.718227672,-87.535430993
,G274192,05/12/2001 05:35:00 PM,114XX S MORGAN ST,0460,BATTERY,SIMPLE,RESIDENCE,false,false,2234,,,,08B,1171670,1828775,,41.685611214,-87.647183499
,G273015,05/12/2001 01:50:00 AM,045XX N CICERO AV,0460,BATTERY,SIMPLE,STREET,true,true,1623,,,,08B,1143540,1930010,,41.96398384,-87.747636145
,G274425,05/12/2001 07:55:00 PM,027XX W DIVISION ST,041A,BATTERY,AGGRAVATED: HANDGUN,STREET,false,false,1423,,,,04B,1158145,1907911,,41.903056147,-87.694543154
,G273358,05/12/2001 10:02:14 AM,079XX S LA SALLE ST,0460,BATTERY,SIMPLE,RESIDENCE,false,false,0623,,,,08B,1176621,1852135,,41.749604587,-87.628358827
,G273718,05/12/2001 12:46:00 PM,015XX E HYDE PARK BV,0460,BATTERY,SIMPLE,GROCERY FOOD STORE,true,false,2132,,,,08B,1187414,1871451,,41.80235983,-87.588195979
,G274463,05/12/2001 08:10:00 PM,004XX E 63 ST,0520,ASSAULT,AGGRAVATED:KNIFE/CUTTING INSTR,TAVERN/LIQUOR STORE,true,false,0312,,,,04A,1180295,1863296,,41.780148147,-87.614554112
,G274577,05/12/2001 09:32:57 PM,009XX W 33 PL,1310,CRIMINAL DAMAGE,TO PROPERTY,RESIDENCE,false,false,0924,,,,14,1170594,1882725,,41.83368038,-87.649552643
,G274522,05/12/2001 08:35:00 PM,069XX S WENTWORTH AV,0430,BATTERY,AGGRAVATED: OTHER DANG WEAPON,APARTMENT,false,true,0731,,,,04B,1176199,1858928,,41.768254849,-87.629701599
,G273385,05/12/2001 10:14:50 AM,082XX S ELLIS AV,1310,CRIMINAL DAMAGE,TO PROPERTY,APARTMENT,false,false,0631,,,,14,1184369,1850593,,41.745195467,-87.600015387
,G273820,05/12/2001 02:05:00 PM,101XX S TORRENCE AV,1130,DECEPTIVE PRACTICE,FRAUD OR CONFIDENCE GAME,RESIDENCE,false,false,0431,,,,11,1195442,1838021,,41.710430678,-87.559856785
,G273995,05/12/2001 03:44:08 PM,025XX W 36 ST,1320,CRIMINAL DAMAGE,TO VEHICLE,STREET,false,false,0913,,,,14,1159638,1880662,,41.828251552,-87.68980936
,G273621,05/12/2001 12:20:00 PM,005XX W 111 ST,0560,ASSAULT,SIMPLE,STREET,true,false,2233,,,,08A,1174924,1831251,,41.692334001,-87.6351979
,G275129,05/12/2001 05:00:00 PM,058XX S TRIPP AV,0910,MOTOR VEHICLE THEFT,AUTOMOBILE,STREET,false,false,0813,,,,07,1149067,1865732,,41.787492175,-87.728978931
,G273861,05/12/2001 02:24:00 PM,070XX S CHAPPEL AV,0340,ROBBERY,ATTEMPT: STRONGARM-NO WEAPON,ALLEY,false,false,0331,,,,03,1191060,1858493,,41.766714647,-87.575243784
,G273044,05/12/2001 02:20:00 AM,050XX N RAVENSWOOD AV,0460,BATTERY,SIMPLE,STREET,false,false,2032,,,,08B,1163258,1933969,,41.974454757,-87.675027085
,G274285,05/12/2001 05:32:27 PM,003XX W 35 ST,1330,CRIMINAL TRESPASS,TO LAND,OTHER,true,false,0925,,,,26,1174487,1881700,,41.830781769,-87.635299032
,G273532,05/12/2001 11:16:11 AM,094XX S LA SALLE ST,0430,BATTERY,AGGRAVATED: OTHER DANG WEAPON,RESIDENCE,false,false,0634,,,,04B,1176987,1842139,,41.722166066,-87.627318141
,G273748,05/12/2001 01:20:00 PM,015XX E 55 ST,0820,THEFT,$500 AND UNDER,DRUG STORE,true,false,2132,,,,06,1187538,1868878,,41.795296382,-87.587823065
,G274289,05/12/2001 06:50:00 PM,020XX W ROSCOE ST,0820,THEFT,$500 AND UNDER,SMALL RETAIL STORE,false,false,1913,,,,06,1161955,1922527,,41.94308472,-87.680139322
,G275177,05/12/2001 07:00:00 PM,017XX N DAYTON ST,0810,THEFT,OVER $500,PARKING LOT/GARAGE(NON.RESID.),false,false,1813,,,,06,1170325,1911579,,41.912863752,-87.649696434
,G274405,05/12/2001 07:40:09 PM,042XX S UNION AV,4387,OTHER OFFENSE,VIOLATE ORDER OF PROTECTION,STREET,false,false,0935,,,,26,1172298,1876829,,41.817463819,-87.643474039
,G275185,05/12/2001 05:00:00 PM,068XX S CLAREMONT AV,1320,CRIMINAL DAMAGE,TO VEHICLE,STREET,false,false,0832,,,,14,1161874,1859209,,41.769335539,-87.682201874
,G274131,05/12/2001 05:10:00 PM,013XX E 47 ST,0810,THEFT,OVER $500,DRUG STORE,true,false,2123,,,,06,1185750,1874141,,41.809780807,-87.594213641
,G274395,05/12/2001 07:12:00 PM,061XX S HARLEM AV,1320,CRIMINAL DAMAGE,TO VEHICLE,STREET,false,false,0812,,,,14,1129481,1862732,,41.779614945,-87.800862209
,G274625,05/12/2001 09:04:21 PM,003XX W 35 ST,1330,CRIMINAL TRESPASS,TO LAND,OTHER,true,false,0925,,,,26,1174487,1881700,,41.830781769,-87.635299032
,G273513,05/12/2001 11:26:12 AM,002XX W 95 ST,0460,BATTERY,SIMPLE,CHA APARTMENT,false,false,0634,,,,08B,1176362,1841984,,41.721754768,-87.629612054
,G273685,05/12/2001 12:00:00 PM,064XX N CENTRAL AV,1210,DECEPTIVE PRACTICE,THEFT OF LABOR/SERVICES,OTHER,false,false,1621,,,,11,1139160,1942665,,41.998791216,-87.763430711
,G274254,05/12/2001 05:50:00 PM,032XX W NORTH AV,0325,ROBBERY,VEHICULAR HIJACKING,STREET,false,false,1422,,,,03,1154385,1910409,,41.909986882,-87.708287568
,G273548,05/12/2001 10:28:15 AM,010XX E 82 ST,0820,THEFT,$500 AND UNDER,GROCERY FOOD STORE,true,false,0631,,,,06,1184551,1850794,,41.745742774,-87.599342235
,G275189,05/12/2001 06:30:00 PM,008XX E 46 ST,0810,THEFT,OVER $500,RESIDENCE,false,true,2123,,,,06,1182505,1874648,,41.811248021,-87.606099918
,G273822,05/12/2001 01:05:00 PM,101XX S TORRENCE AV,1130,DECEPTIVE PRACTICE,FRAUD OR CONFIDENCE GAME,RESIDENCE,false,false,0431,,,,11,1195441,1838041,,41.710485584,-87.559859789
,G275194,05/12/2001 09:30:00 PM,019XX N MOHAWK ST,0810,THEFT,OVER $500,ALLEY,false,false,1813,,,,06,1172244,1913427,,41.917892565,-87.642591869
,G273680,05/12/2001 12:45:00 PM,002XX W 95 ST,0430,BATTERY,AGGRAVATED: OTHER DANG WEAPON,CHA PARKING LOT/GROUNDS,false,false,0634,,,,04B,1176362,1841984,,41.721754768,-87.629612054
,G274081,05/12/2001 04:55:00 PM,021XX N WESTERN AV,0334,ROBBERY,ATTEMPT: ARMED-KNIFE/CUT INSTR,STREET,false,false,1431,,,,03,1159966,1914498,,41.921093971,-87.687672117
,G274458,05/12/2001 06:45:00 PM,012XX W 88 ST,0320,ROBBERY,STRONGARM - NO WEAPON,STREET,false,false,2222,,,,03,1169847,1846393,,41.733997369,-87.653347787
,G275197,05/12/2001 10:00:00 PM,103XX S GREEN BAY AV,1320,CRIMINAL DAMAGE,TO VEHICLE,STREET,false,false,0432,,,,14,1200547,1837036,,41.707600397,-87.541194948
,G274569,05/12/2001 09:30:00 PM,065XX S JUSTINE ST,0460,BATTERY,SIMPLE,APARTMENT,false,true,0725,,,,08B,1167101,1860991,,41.774115391,-87.662991148
,G274305,05/12/2001 06:45:00 PM,053XX S COTTAGE GROVE AV,0520,ASSAULT,AGGRAVATED:KNIFE/CUTTING INSTR,APARTMENT,true,true,2131,,,,04A,1182528,1869872,,41.798141759,-87.606163767
,G274616,05/12/2001 10:17:57 PM,062XX S CARPENTER ST,0460,BATTERY,SIMPLE,RESIDENCE,false,false,0712,,,,08B,1170425,1863356,,41.78053349,-87.650737184
,G273863,05/12/2001 02:30:00 PM,026XX E 79 ST,1121,DECEPTIVE PRACTICE,COUNTERFEITING DOCUMENT,SMALL RETAIL STORE,false,false,0421,,,,10,1195516,1853147,,41.751935903,-87.559087506
,G274404,05/12/2001 07:35:00 PM,020XX S STATE ST,0820,THEFT,$500 AND UNDER,CHA HALLWAY/STAIRWELL/ELEVATOR,false,false,2111,,,,06,1176604,1890373,,41.854533666,-87.627270111
,G274268,05/12/2001 06:00:00 PM,110XX S HOMEWOOD AV,0610,BURGLARY,FORCIBLE ENTRY,APARTMENT,false,false,2212,,,,05,1165688,1831338,,41.692773187,-87.66900997
,G274619,05/12/2001 09:50:00 PM,061XX S MAY ST,0460,BATTERY,SIMPLE,APARTMENT,false,true,0712,,,,08B,1169665,1864002,,41.782322713,-87.653504751
,G274532,05/12/2001 09:12:58 PM,044XX S DREXEL BL,0560,ASSAULT,SIMPLE,APARTMENT,false,false,2123,,,,08A,1182893,1875991,,41.814924296,-87.604635007
,G273697,05/12/2001 01:09:31 PM,009XX W 79 ST,0820,THEFT,$500 AND UNDER,GROCERY FOOD STORE,false,false,0621,,,,06,1171199,1852405,,41.750465692,-87.648219352
,G275206,05/12/2001 09:15:00 AM,039XX N SAWYER AV,0810,THEFT,OVER $500,COMMERCIAL / BUSINESS OFFICE,false,false,1733,,,,06,1153974,1926234,,41.953420127,-87.709374342
,G274714,05/12/2001 11:11:01 PM,071XX S ABERDEEN ST,0460,BATTERY,SIMPLE,RESIDENCE,false,true,0733,,,,08B,1170175,1857507,,41.764488558,-87.65182365
,G273799,05/12/2001 02:06:17 PM,007XX E 92 ST,1330,CRIMINAL TRESPASS,TO LAND,RESIDENCE-GARAGE,false,false,0633,,,,26,1182924,1844178,,41.727625654,-87.605508827
,G273309,05/12/2001 08:30:00 AM,058XX N MILWAUKEE AV,1120,DECEPTIVE PRACTICE,FORGERY,BANK,true,false,1622,,,,10,1135244,1938352,,41.987026605,-87.77793963
,G274751,05/12/2001 11:15:00 PM,055XX S WELLS ST,0820,THEFT,$500 AND UNDER,STREET,true,false,0711,,,,06,1175509,1868140,,41.793549029,-87.631955347
,G273210,05/12/2001 07:25:00 AM,105XX S HALSTED ST,0610,BURGLARY,FORCIBLE ENTRY,GROCERY FOOD STORE,false,false,2233,,,,05,1172798,1835188,,41.703184754,-87.642865956
,G273048,05/12/2001 02:20:00 AM,038XX W SCHOOL ST,0820,THEFT,$500 AND UNDER,STREET,false,false,1732,,,,06,1150438,1921713,,41.941084062,-87.722491517
,G273887,05/12/2001 01:15:19 PM,082XX S ELLIS AV,1310,CRIMINAL DAMAGE,TO PROPERTY,RESIDENCE,false,false,0631,,,,14,1184370,1850552,,41.745082935,-87.600013003
,G273066,05/12/2001 02:50:18 AM,093XX S LYON AV,2851,PUBLIC PEACE VIOLATION,ARSON THREAT,RESIDENCE,false,false,0633,,,,26,1182389,1843365,,41.725407082,-87.607493712
,G273399,05/12/2001 09:30:00 AM,035XX W SUNNYSIDE AV,2825,OTHER OFFENSE,HARASSMENT BY TELEPHONE,APARTMENT,false,false,1723,,,,26,1152067,1929640,,41.962804311,-87.716294525
,G275025,05/12/2001 11:30:00 PM,079XX S FRANCISCO AV,5001,OTHER OFFENSE,OTHER CRIME INVOLVING PROPERTY,STREET,false,false,0835,,,,26,1158378,1852034,,41.749718154,-87.695211778
,G273554,05/12/2001 11:54:12 AM,084XX S COTTAGE GROVE,0610,BURGLARY,FORCIBLE ENTRY,RESIDENCE,false,false,0632,,,,05,1182989,1849270,,41.741597171,-87.605112901
,G274975,05/12/2001 07:30:00 PM,025XX S CENTRAL PARK AV,0620,BURGLARY,UNLAWFUL ENTRY,RESIDENCE,false,false,1024,,,,05,1152819,1886795,,41.845218721,-87.714665756
,G275224,05/12/2001 09:00:00 PM,024XX W FARWELL AV,1310,CRIMINAL DAMAGE,TO PROPERTY,RESIDENCE-GARAGE,false,false,2411,,,,14,1158713,1945436,,42.006015292,-87.691424341
,G275214,05/12/2001 10:00:00 PM,016XX W 34 ST,0910,MOTOR VEHICLE THEFT,AUTOMOBILE,STREET,false,false,0922,,,,07,1165693,1882228,,41.832422208,-87.667549583
,G274208,05/12/2001 05:50:00 PM,107XX S CHURCH ST,0820,THEFT,$500 AND UNDER,RESIDENCE,false,false,2212,,,,06,1167792,1833143,,41.697681618,-87.661255254
,G273370,05/12/2001 09:30:00 AM,074XX W BELMONT AV,0910,MOTOR VEHICLE THEFT,AUTOMOBILE,ALLEY,false,false,1631,,,,07,1125544,1920452,,41.938074044,-87.814016211
,G273479,05/12/2001 11:00:00 AM,034XX W ADDISON ST,0820,THEFT,$500 AND UNDER,DEPARTMENT STORE,false,false,1732,,,,06,1152615,1923676,,41.946427834,-87.714438076
,G275227,05/12/2001 05:00:00 PM,068XX S CLAREMONT AV,1320,CRIMINAL DAMAGE,TO VEHICLE,OTHER,false,false,0832,,,,14,1161949,1859396,,41.769847135,-87.681921766
,G275204,05/12/2001 10:30:00 PM,037XX S EMERALD AV,0917,MOTOR VEHICLE THEFT,"CYCLE, SCOOTER, BIKE W-VIN",STREET,false,false,0925,,,,07,1171880,1879856,,41.825779394,-87.64491841
,G274306,05/12/2001 06:40:00 PM,061XX S WESTERN AV,1330,CRIMINAL TRESPASS,TO LAND,DEPARTMENT STORE,true,false,0825,,,,26,1161472,1863574,,41.781322048,-87.683554536
,G273482,05/12/2001 03:30:00 AM,032XX W EASTWOOD AV,1330,CRIMINAL TRESPASS,TO LAND,RESIDENCE,false,false,1713,,,,26,1153681,1930698,,41.965675483,-87.710332134
,G272104,05/12/2001 01:49:07 AM,111XX S MICHIGAN AV,0430,BATTERY,AGGRAVATED: OTHER DANG WEAPON,PARKING LOT/GARAGE(NON.RESID.),false,false,0531,,,,04B,1178748,1831364,,41.692558187,-87.621194285
,G272930,05/12/2001 12:45:59 AM,103XX S PARNELL AV,0460,BATTERY,SIMPLE,STREET,false,false,2232,,,,08B,,,,,
,G273686,05/12/2001 12:55:00 PM,035XX W LAWRENCE AV,1310,CRIMINAL DAMAGE,TO PROPERTY,GROCERY FOOD STORE,false,false,1723,,,,14,1151894,1931625,,41.968254699,-87.716878077
,G274637,05/12/2001 06:00:00 AM,007XX E 111 ST,1320,CRIMINAL DAMAGE,TO VEHICLE,PARKING LOT/GARAGE(NON.RESID.),false,false,0531,,,,14,1183305,1831462,,41.692722515,-87.604507439
,G275242,05/12/2001 10:00:00 PM,048XX W MELROSE ST,0630,BURGLARY,ATTEMPT FORCIBLE ENTRY,RESIDENCE-GARAGE,false,false,1634,,,,05,1143287,1921204,,41.939824141,-87.74878719
,G274302,05/12/2001 06:28:01 PM,001XX E 105 ST,143A,WEAPONS VIOLATION,UNLAWFUL POSS OF HANDGUN,ALLEY,true,false,0512,,,,15,1179360,1835407,,41.703638835,-87.618830868
,G274536,05/12/2001 09:05:16 PM,104XX S AVENUE G,0460,BATTERY,SIMPLE,RESIDENCE,true,true,0432,,,,08B,1203117,1836438,,41.705894177,-87.531804175
,G272937,05/12/2001 12:42:00 AM,045XX N LINCOLN AV,1320,CRIMINAL DAMAGE,TO VEHICLE,PARKING LOT/GARAGE(NON.RESID.),false,false,1911,,,,14,1160489,1930109,,41.963920672,-87.685316877
,G273741,05/12/2001 01:25:00 PM,032XX N MILWAUKEE AV,0810,THEFT,OVER $500,PARKING LOT/GARAGE(NON.RESID.),false,false,1732,,,,06,1149524,1921376,,41.94017713,-87.725859617
,G273514,05/12/2001 11:15:00 AM,062XX S LANGLEY AV,0560,ASSAULT,SIMPLE,APARTMENT,false,true,0313,,,,08A,1181922,1863998,,41.782037026,-87.608567646
,G273944,05/12/2001 03:32:23 PM,119XX S MICHIGAN AV,0820,THEFT,$500 AND UNDER,TAVERN/LIQUOR STORE,false,false,0532,,,,06,1178957,1825455,,41.676338279,-87.62060808
,G274111,05/12/2001 02:30:00 AM,046XX N KIMBALL AV,0610,BURGLARY,FORCIBLE ENTRY,APARTMENT,false,false,1713,,,,05,1152918,1930714,,41.965734578,-87.713137116
,G274413,05/12/2001 07:45:53 PM,118XX S PEORIA ST,041B,BATTERY,AGGRAVATED: OTHER FIREARM,PARK PROPERTY,false,false,0524,,,,04B,1172492,1826372,,41.678998989,-87.644244702
,G274144,05/12/2001 05:15:11 PM,077XX S COLFAX AV,0610,BURGLARY,FORCIBLE ENTRY,RESIDENCE,false,false,0421,,,,05,1194827,1854028,,41.754370421,-87.561583367
,G273571,05/12/2001 12:00:00 PM,063XX S COTTAGE GROVE AV,0810,THEFT,OVER $500,DEPARTMENT STORE,false,false,0312,,,,06,1182607,1863377,,41.780317074,-87.60607554
,G273406,05/12/2001 08:10:00 AM,009XX W BELMONT AV,1563,SEX OFFENSE,CRIMINAL SEXUAL ABUSE,CTA TRAIN,true,false,1932,,,,17,1169262,1921390,,41.939808811,-87.653315771
,G274355,05/12/2001 06:57:59 PM,078XX S CORNELL AV,0610,BURGLARY,FORCIBLE ENTRY,APARTMENT,false,false,0414,,,,05,1188636,1853372,,41.752720453,-87.584291981
,G274551,05/12/2001 09:20:00 PM,048XX N AVERS AV,0460,BATTERY,SIMPLE,APARTMENT,false,true,1712,,,,08B,1149807,1931645,,41.968350529,-87.724551384
,G273843,05/12/2001 02:37:22 PM,086XX S JEFFERY AV,0560,ASSAULT,SIMPLE,OTHER,true,false,0412,,,,08A,1191064,1847718,,41.737147017,-87.57557696
,G273220,05/12/2001 07:57:15 AM,105XX S HOXIE AV,0460,BATTERY,SIMPLE,RESIDENCE-GARAGE,true,true,0434,,,,08B,1195155,1835814,,41.704381521,-87.560980303
,G274492,05/12/2001 08:40:00 PM,013XX E 72 PL,0810,THEFT,OVER $500,APARTMENT,false,true,0324,,,,06,1186720,1857244,,41.763391143,-87.591190831
,G274615,05/12/2001 10:26:14 PM,035XX W LAWRENCE AV,3800,INTERFERENCE WITH PUBLIC OFFICER,INTERFERENCE JUDICIAL PROCESS,ALLEY,true,false,1712,,,,26,1151835,1931624,,41.968253119,-87.717095044
,G274647,05/12/2001 10:33:33 PM,113XX S YALE AV,1310,CRIMINAL DAMAGE,TO PROPERTY,RESIDENCE,false,false,0522,,,,14,1176680,1829550,,41.687626968,-87.628819865
,G274455,05/12/2001 08:34:43 PM,075XX S STONY ISLAND AV,1310,CRIMINAL DAMAGE,TO PROPERTY,SIDEWALK,true,false,0411,,,,14,1188084,1855135,,41.757571457,-87.586258703
,G274614,05/12/2001 10:10:00 PM,066XX S M L KING JR DR,1320,CRIMINAL DAMAGE,TO VEHICLE,STREET,false,false,0312,,,,14,1180023,1860997,,41.773845697,-87.61562164
,G275275,05/12/2001 11:00:00 PM,041XX S FEDERAL ST,1310,CRIMINAL DAMAGE,TO PROPERTY,CHA APARTMENT,false,false,0214,,,,14,1176416,1877762,,41.819932337,-87.628340053
,G274646,05/12/2001 07:45:00 PM,061XX N LINCOLN AV,0820,THEFT,$500 AND UNDER,PARKING LOT/GARAGE(NON.RESID.),false,false,1711,,,,06,1153235,1940618,,41.992905411,-87.711707299
,G274607,05/12/2001 09:56:08 PM,002XX W 104 PL,0820,THEFT,$500 AND UNDER,STREET,false,false,0512,,,,06,1176341,1835601,,41.704239402,-87.629879983
,G275283,05/12/2001 02:00:00 PM,010XX N CLARK ST,0810,THEFT,OVER $500,PARKING LOT/GARAGE(NON.RESID.),false,false,1824,,,,06,1175381,1907581,,41.901780967,-87.63124231
,G274578,05/12/2001 09:03:42 PM,008XX E 133 ST,1200,DECEPTIVE PRACTICE,STOLEN PROP: BUY/RECEIVE/POS.,CHA PARKING LOT/GROUNDS,false,false,0533,,,,13,1184100,1817474,,41.654318979,-87.602031457
,G275270,05/12/2001 10:00:00 AM,023XX N SOUTHPORT AV,0810,THEFT,OVER $500,STREET,false,false,1811,,,,06,1166622,1915979,,41.925017799,-87.663173978
,G274422,05/12/2001 07:30:00 PM,073XX S MICHIGAN AV,0810,THEFT,OVER $500,ALLEY,false,false,0323,,,,06,1178390,1856424,,41.761334134,-87.621746525
,G275284,05/12/2001 05:00:00 PM,028XX W FITCH AV,0610,BURGLARY,FORCIBLE ENTRY,RESIDENCE-GARAGE,false,false,2411,,,,05,1156087,1947323,,42.01124691,-87.701034443
,G274116,05/12/2001 04:50:00 PM,021XX E 71 ST,0560,ASSAULT,SIMPLE,GROCERY FOOD STORE,false,false,0333,,,,08A,1191459,1858232,,41.765988783,-87.573789768
,G274561,05/12/2001 09:26:24 PM,124XX S YALE AV,1310,CRIMINAL DAMAGE,TO PROPERTY,RESIDENCE,false,false,0523,,,,14,1176816,1822678,,41.668766085,-87.628527776
,G273367,05/12/2001 09:00:00 AM,114XX S SAWYER AV,1310,CRIMINAL DAMAGE,TO PROPERTY,RESIDENCE,false,false,2211,,,,14,1156703,1828830,,41.686076209,-87.701973284
,G273273,05/12/2001 08:30:00 AM,070XX S ROCKWELL ST,4387,OTHER OFFENSE,VIOLATE ORDER OF PROTECTION,RESIDENCE,true,false,0831,,,,26,1160217,1857880,,41.765722832,-87.68831224
,G274515,05/12/2001 08:35:00 PM,103XX S MAPLEWOOD AV,1330,CRIMINAL TRESPASS,TO LAND,OTHER RAILROAD PROP / TRAIN DEPOT,false,false,2211,,,,26,1161152,1836244,,41.706330917,-87.68548209
,G274006,05/12/2001 03:58:43 PM,066XX S COTTAGE GROVE AV,0460,BATTERY,SIMPLE,ALLEY,false,true,0321,,,,08B,1182666,1860959,,41.773680486,-87.605934222
,G275282,05/12/2001 09:30:00 PM,063XX W SCHOOL ST,0610,BURGLARY,FORCIBLE ENTRY,RESIDENCE-GARAGE,false,false,1633,,,,05,1133622,1921309,,41.940287627,-87.784307143
,G275311,05/12/2001 11:30:00 PM,020XX W JACKSON BL,1320,CRIMINAL DAMAGE,TO VEHICLE,PARKING LOT/GARAGE(NON.RESID.),false,false,1211,,,,14,1162867,1898665,,41.877586579,-87.677457924
,G275278,05/12/2001 07:00:00 PM,084XX S WOOD ST,0610,BURGLARY,FORCIBLE ENTRY,RESIDENCE-GARAGE,false,false,0614,,,,05,1165852,1848949,,41.741097094,-87.667911203
,G273154,05/12/2001 05:15:00 AM,012XX N BURLING ST,0420,BATTERY,AGGRAVATED:KNIFE/CUTTING INSTR,CHA APARTMENT,false,true,1822,,,,04B,1171043,1908538,,41.904503346,-87.647148068
,G272944,05/12/2001 12:35:00 AM,009XX W BELDEN AV,0430,BATTERY,AGGRAVATED: OTHER DANG WEAPON,STREET,false,false,1812,,,,04B,1169844,1915445,,41.923482767,-87.651350557
,G273777,05/12/2001 01:35:00 PM,058XX S TROY ST,0460,BATTERY,SIMPLE,RESIDENCE PORCH/HALLWAY,false,false,0824,,,,08B,1156432,1865371,,41.786356302,-87.701984063
,G275340,05/12/2001 09:00:00 PM,033XX W 79 ST,5001,OTHER OFFENSE,OTHER CRIME INVOLVING PROPERTY,STREET,false,true,0834,,,,26,1155219,1851954,,41.749562329,-87.70678993
,G273302,05/12/2001 09:10:00 AM,053XX S PARKSIDE AV,0460,BATTERY,SIMPLE,RESIDENCE,false,false,0811,,,,08B,1139556,1868803,,41.796097693,-87.763777754
,G273933,05/12/2001 03:00:00 PM,033XX W 83 ST,0460,BATTERY,SIMPLE,SIDEWALK,false,false,0834,,,,08B,1155809,1849409,,41.74256662,-87.704696038
,G275348,05/12/2001 09:00:00 PM,062XX S TALMAN AV,0920,MOTOR VEHICLE THEFT,ATT: AUTOMOBILE,STREET,false,false,0825,,,,07,1159813,1863409,,41.780903506,-87.689641363
,G272900,05/12/2001 12:13:00 AM,020XX N ORLEANS ST,0460,BATTERY,SIMPLE,APARTMENT,false,true,1814,,,,08B,1173517,1914105,,41.919724797,-87.637894649
,G275352,05/12/2001 07:00:00 PM,023XX N CLARK ST,0810,THEFT,OVER $500,OTHER,false,false,1812,,,,06,1173045,1915609,,41.92386233,-87.639584129
,G272985,05/12/2001 01:28:00 AM,006XX W DIVISION ST,0460,BATTERY,SIMPLE,CHA APARTMENT,true,true,1822,,,,08B,1171830,1908290,,41.903805509,-87.644264537
,G275354,05/12/2001 07:30:00 PM,010XX N LAKE SHORE DR,1310,CRIMINAL DAMAGE,TO PROPERTY,LAKEFRONT/WATERFRONT/RIVERBANK,false,false,1824,,,,14,1177348,1907278,,41.900905119,-87.624026564
,G274622,05/12/2001 10:30:00 PM,044XX S ST LOUIS AV,0460,BATTERY,SIMPLE,RESIDENCE,true,false,0821,,,,08B,1153856,1874972,,41.812754331,-87.711174291
,G273080,05/12/2001 03:00:00 AM,016XX N WELLS ST,0460,BATTERY,SIMPLE,BAR OR TAVERN,false,false,1814,,,,08B,1174431,1911545,,41.912679656,-87.634613138
,G275360,05/12/2001 06:00:00 AM,006XX W WEBSTER AV,1310,CRIMINAL DAMAGE,TO PROPERTY,PARK PROPERTY,false,false,1812,,,,14,1171872,1914919,,41.921994898,-87.643914535
,G275365,05/12/2001 07:00:00 PM,009XX N MASSASOIT AV,0820,THEFT,$500 AND UNDER,RESIDENCE,false,false,1511,,,,06,1137802,1906033,,41.898294054,-87.769313257
,G274656,05/12/2001 10:30:00 PM,010XX N CLARK ST,0460,BATTERY,SIMPLE,STREET,true,false,1824,,,,08B,1175304,1907489,,41.901530243,-87.631527902
,G275368,05/12/2001 06:00:00 PM,024XX W FARWELL AV,0620,BURGLARY,UNLAWFUL ENTRY,RESIDENCE-GARAGE,false,false,2411,,,,05,1158736,1945356,,42.005795296,-87.691341928
,G273219,05/12/2001 07:45:36 AM,001XX W DIVISION ST,0820,THEFT,$500 AND UNDER,GROCERY FOOD STORE,false,false,1824,,,,06,1175249,1908310,,41.903784342,-87.631705256
,G274124,05/12/2001 04:45:00 PM,047XX S KEDVALE AV,0460,BATTERY,SIMPLE,RESIDENCE,false,false,0815,,,,08B,1149450,1872924,,41.807220718,-87.727388731
,G272881,05/12/2001 12:01:00 AM,006XX N CLARK ST,1330,CRIMINAL TRESPASS,TO LAND,PARKING LOT/GARAGE(NON.RESID.),true,false,1832,,,,26,1175394,1904185,,41.892461877,-87.63129663
,G275315,05/12/2001 09:30:00 PM,007XX S KEELER AV,0910,MOTOR VEHICLE THEFT,AUTOMOBILE,STREET,false,false,1132,,,,07,1148470,1896163,,41.871010537,-87.730384791
,G274415,05/12/2001 07:50:00 PM,047XX W 47 ST,0460,BATTERY,SIMPLE,STREET,false,false,0815,,,,08B,1145218,1873008,,41.807532055,-87.742908555
,G274069,05/12/2001 02:30:00 PM,006XX N MICHIGAN AV,0820,THEFT,$500 AND UNDER,DEPARTMENT STORE,false,false,1834,,,,06,1177289,1904248,,41.892591994,-87.624335244
,G274837,05/12/2001 11:00:00 PM,057XX S HAMLIN AV,0460,BATTERY,SIMPLE,SIDEWALK,false,false,0822,,,,08B,1151973,1866497,,41.789534903,-87.718303672
,G274599,05/12/2001 09:59:01 PM,012XX N CLARK ST,0820,THEFT,$500 AND UNDER,SMALL RETAIL STORE,true,false,1824,,,,06,1175358,1908388,,41.90399593,-87.631302533
,G274294,05/12/2001 05:45:00 PM,007XX N MICHIGAN AV,0820,THEFT,$500 AND UNDER,DEPARTMENT STORE,false,false,1833,,,,06,1177252,1905607,,41.896321995,-87.624429891
,G274844,05/12/2001 11:30:00 PM,059XX S WHIPPLE ST,0460,BATTERY,SIMPLE,RESIDENCE,false,false,0824,,,,08B,1157103,1865140,,41.785708858,-87.699530058
,G274095,05/12/2001 04:45:21 PM,008XX N RUSH ST,0820,THEFT,$500 AND UNDER,SMALL RETAIL STORE,false,false,1833,,,,06,1176752,1906139,,41.897793151,-87.626250171
,G274494,05/12/2001 08:25:00 PM,071XX S ROCKWELL ST,0460,BATTERY,SIMPLE,SIDEWALK,false,false,0832,,,,08B,1160319,1857095,,41.763566577,-87.687959962
,G275446,05/12/2001 07:20:00 PM,0000X E GRAND AV,0810,THEFT,OVER $500,PARKING LOT/GARAGE(NON.RESID.),false,false,1834,,,,06,1176386,1903948,,41.891789206,-87.627660621
,G275472,05/12/2001 02:00:00 AM,021XX W 59 ST,0810,THEFT,OVER $500,OTHER RAILROAD PROP / TRAIN DEPOT,false,false,0714,,,,06,1163336,1865469,,41.786483322,-87.676667612
,G275477,05/12/2001 10:00:00 PM,028XX N LONG AV,0910,MOTOR VEHICLE THEFT,AUTOMOBILE,STREET,false,false,2514,,,,07,1139853,1918103,,41.931378242,-87.761484388
,G275479,05/12/2001 11:00:00 PM,022XX N HALSTED ST,0820,THEFT,$500 AND UNDER,STREET,false,false,1812,,,,06,1170541,1915059,,41.922408324,-87.648800862
,G275448,05/12/2001 10:00:00 PM,088XX S MUSKEGON AV,0910,MOTOR VEHICLE THEFT,AUTOMOBILE,STREET,false,false,0423,,,,07,1196583,1846971,,41.734962063,-87.555382125
,G274104,05/12/2001 03:45:00 PM,054XX W THOMAS ST,4255,KIDNAPPING,UNLAWFUL INTERFERE/VISITATION,PARK PROPERTY,false,true,1524,,,,26,1139554,1906752,,41.90023529,-87.762860638
,G275516,05/12/2001 10:30:00 PM,006XX W HARRISON ST,0810,THEFT,OVER $500,STREET,false,false,0131,,,,06,1172396,1897607,,41.874478205,-87.642501427
,G274273,05/12/2001 04:00:00 PM,056XX W WASHINGTON BL,0610,BURGLARY,FORCIBLE ENTRY,APARTMENT,true,false,1512,,,,05,1138562,1900219,,41.882325959,-87.766662819
,G275519,05/12/2001 12:00:00 AM,069XX N HAMILTON AV,1320,CRIMINAL DAMAGE,TO VEHICLE,STREET,false,false,2411,,,,14,1160698,1946242,,42.008185907,-87.68409881
,G273476,05/12/2001 10:00:00 AM,007XX W 59 ST,0460,BATTERY,SIMPLE,STREET,false,true,0711,,,,08B,1172600,1865793,,41.787173237,-87.642691508
,G274685,05/12/2001 10:22:18 PM,049XX W IOWA ST,0430,BATTERY,AGGRAVATED: OTHER DANG WEAPON,RESIDENCE,false,true,1531,,,,04B,1143245,1905487,,41.896695835,-87.749334919
,G273555,05/12/2001 11:55:00 AM,070XX S BISHOP ST,0460,BATTERY,SIMPLE,STREET,false,false,0734,,,,08B,1167923,1858045,,41.766013567,-87.660062388
,G273902,05/12/2001 03:10:00 PM,068XX S GREEN ST,0460,BATTERY,SIMPLE,RESIDENCE,false,true,0723,,,,08B,1171854,1859583,,41.770148686,-87.645608847
,G274524,05/12/2001 09:15:00 PM,059XX S RACINE AV,041A,BATTERY,AGGRAVATED: HANDGUN,OTHER,false,false,0713,,,,04B,1169297,1865369,,41.7860819,-87.654814391
,G275526,05/12/2001 10:30:00 PM,025XX W LUNT AV,0620,BURGLARY,UNLAWFUL ENTRY,RESIDENCE-GARAGE,false,false,2411,,,,05,1158060,1946327,,42.008473636,-87.693802318
,G275491,05/12/2001 10:30:00 PM,058XX W ADDISON ST,0610,BURGLARY,FORCIBLE ENTRY,RESIDENCE-GARAGE,false,false,1633,,,,05,1136984,1923387,,41.945930122,-87.771900444
,G275159,05/12/2001 11:50:00 PM,086XX S SAGINAW AV,1320,CRIMINAL DAMAGE,TO VEHICLE,STREET,false,false,0423,,,,14,1195364,1848226,,41.738436038,-87.559806612
,G274627,05/12/2001 10:00:00 PM,048XX W WALTON ST,1310,CRIMINAL DAMAGE,TO PROPERTY,RESIDENCE,false,false,1531,,,,14,1143844,1905829,,41.897623112,-87.747126283
,G275601,05/12/2001 09:00:00 AM,088XX S BURLEY AV,2820,OTHER OFFENSE,TELEPHONE THREAT,APARTMENT,false,false,0424,,,,26,1199163,1847014,,41.735015675,-87.545928867
,G274419,05/12/2001 07:49:06 PM,010XX N LOREL AV,0460,BATTERY,SIMPLE,RESIDENCE,true,true,1524,,,,08B,1140521,1906531,,41.89961114,-87.759314194
,G274617,05/12/2001 10:19:01 PM,001XX S LAVERGNE AV,0460,BATTERY,SIMPLE,STREET,true,true,1533,,,,08B,1143245,1898887,,41.878584646,-87.749499847
,G274603,05/12/2001 10:01:46 PM,003XX S CENTRAL AV,0560,ASSAULT,SIMPLE,RESIDENCE,false,true,1522,,,,08A,1139161,1897571,,41.875048625,-87.764527695
,G273201,05/12/2001 07:00:00 AM,061XX S COTTAGE GROVE AV,1330,CRIMINAL TRESPASS,TO LAND,RESIDENCE PORCH/HALLWAY,true,false,0313,,,,26,1182577,1864561,,41.783566774,-87.606148815
,G273691,05/12/2001 03:30:00 AM,069XX S MICHIGAN AV,0460,BATTERY,SIMPLE,STREET,false,false,0322,,,,08B,1178315,1859261,,41.769120873,-87.621935408
,G273036,05/12/2001 01:30:00 AM,049XX W WEST END AV,4387,OTHER OFFENSE,VIOLATE ORDER OF PROTECTION,RESIDENCE,true,true,1532,,,,26,1143213,1900484,,41.882967608,-87.74957746
,G273582,05/12/2001 11:30:00 AM,049XX W JACKSON BV,0460,BATTERY,SIMPLE,RESIDENCE,false,true,1533,,,,08B,1143571,1898178,,41.876632971,-87.748320572
,G273733,05/12/2001 12:22:28 PM,055XX W IOWA ST,0430,BATTERY,AGGRAVATED: OTHER DANG WEAPON,APARTMENT,false,true,1524,,,,04B,1139037,1905413,,41.896570329,-87.764792218
,G273906,05/12/2001 02:54:30 PM,003XX N LOREL AV,0460,BATTERY,SIMPLE,RESIDENCE,false,true,1523,,,,08B,1140612,1901640,,41.88618797,-87.759100176
,G273355,05/12/2001 10:01:51 AM,001XX S LOTUS AV,0560,ASSAULT,SIMPLE,RESIDENCE,false,true,1522,,,,08A,1139944,1898883,,41.87863465,-87.761620708
,G273987,05/12/2001 03:15:00 PM,053XX W MADISON ST,0460,BATTERY,SIMPLE,RESIDENCE,false,true,1522,,,,08B,1140561,1899540,,41.880426241,-87.759339043
,G275310,05/12/2001 11:00:00 PM,025XX N MARMORA AV,0910,MOTOR VEHICLE THEFT,AUTOMOBILE,STREET,false,false,2515,,,,07,1136596,1916083,,41.925894124,-87.773501939
,G273853,05/12/2001 02:30:00 PM,069XX S MERRILL AV,0460,BATTERY,SIMPLE,APARTMENT,false,false,0331,,,,08B,1191794,1859007,,41.768107319,-87.572536774
,G273128,05/12/2001 04:10:00 AM,061XX S COTTAGE GROVE AV,1350,CRIMINAL TRESPASS,TO STATE SUP LAND,RESIDENCE PORCH/HALLWAY,true,false,0313,,,,26,1182578,1864520,,41.783454243,-87.60614642
,G274283,05/12/2001 02:15:00 PM,066XX W GRAND AV,0810,THEFT,OVER $500,OTHER,false,false,2512,,,,06,1131607,1915184,,41.923515078,-87.791855255
,G273135,05/12/2001 04:44:26 AM,070XX W IRVING PARK RD,0810,THEFT,OVER $500,STREET,false,false,1632,,,,06,1128617,1925778,,41.95263757,-87.802600856
,G275702,05/12/2001 08:30:00 PM,034XX N HARLEM AV,0910,MOTOR VEHICLE THEFT,AUTOMOBILE,STREET,false,false,1631,,,,07,1127429,1922029,,41.942369979,-87.807052711
,G275724,05/12/2001 11:30:00 PM,009XX N STATE ST,0810,THEFT,OVER $500,TAVERN/LIQUOR STORE,false,false,1833,,,,06,1176229,1906952,,41.900035874,-87.628146528
,G275740,05/12/2001 03:00:00 PM,065XX N ARTESIAN AV,1310,CRIMINAL DAMAGE,TO PROPERTY,RESIDENCE-GARAGE,false,false,2412,,,,14,1158839,1943269,,42.000066377,-87.691020583
,G275733,05/12/2001 04:00:00 PM,038XX W 85 ST,0560,ASSAULT,SIMPLE,RESIDENCE,false,false,0834,,,,08A,1152028,1847964,,41.738676249,-87.718587661
,G275756,05/12/2001 07:00:00 PM,131XX S BUFFALO AV,0810,THEFT,OVER $500,OTHER,false,false,0433,,,,06,1200126,1818119,,41.655700886,-87.543371793
,G273102,05/12/2001 03:57:21 AM,0000X N LAMON AV,0820,THEFT,$500 AND UNDER,STREET,false,true,1533,,,,06,1143679,1899694,,41.880791041,-87.747886056
,G275198,05/12/2001 06:00:00 PM,063XX S GREEN ST,0610,BURGLARY,FORCIBLE ENTRY,MEDICAL/DENTAL OFFICE,false,false,0723,,,,05,1171765,1862691,,41.778679359,-87.64584401
,G275807,05/12/2001 04:30:00 PM,014XX W WEBSTER AV,0820,THEFT,$500 AND UNDER,OTHER,false,false,1811,,,,06,1166256,1914695,,41.92150227,-87.66455562
,G275844,05/12/2001 10:00:00 PM,081XX S ASHLAND AV,1320,CRIMINAL DAMAGE,TO VEHICLE,STREET,false,false,0614,,,,14,1167125,1850891,,41.746399113,-87.663191598
,G274705,05/12/2001 11:00:00 PM,059XX W DIVERSEY AV,0460,BATTERY,SIMPLE,RESIDENCE,false,true,2514,,,,08B,1136186,1917956,,41.931041182,-87.774963692
,G273396,05/12/2001 10:27:32 AM,052XX W POTOMAC AV,0460,BATTERY,SIMPLE,RESIDENCE,true,false,2532,,,,08B,1140804,1908184,,41.904141964,-87.758234019
,G274329,05/12/2001 01:00:00 PM,030XX N NOTTINGHAM AV,0560,ASSAULT,SIMPLE,RESIDENCE,false,false,2511,,,,08A,1128354,1919172,,41.934514393,-87.803717718
,G274117,05/12/2001 05:10:40 PM,017XX N MAYFIELD AV,1310,CRIMINAL DAMAGE,TO PROPERTY,APARTMENT,false,false,2531,,,,14,1136855,1911103,,41.912223785,-87.772669861
,G275892,05/12/2001 05:00:00 PM,065XX S CAMPBELL AV,5001,OTHER OFFENSE,OTHER CRIME INVOLVING PROPERTY,RESIDENCE-GARAGE,false,true,0832,,,,26,1160880,1860971,,41.774191309,-87.685796811
,G275886,05/12/2001 10:00:00 PM,101XX S ESCANABA AV,1310,CRIMINAL DAMAGE,TO PROPERTY,STREET,false,false,0431,,,,14,1197168,1838190,,41.71085171,-87.553530382
,G275984,05/12/2001 07:00:00 AM,057XX S MASON AV,1310,CRIMINAL DAMAGE,TO PROPERTY,RESIDENCE,false,false,0811,,,,14,1137725,1866135,,41.788809327,-87.770556335
,G276239,05/12/2001 09:00:00 PM,052XX N LECLAIRE AV,1320,CRIMINAL DAMAGE,TO VEHICLE,STREET,false,false,1623,,,,14,1141385,1934392,,41.97604856,-87.75545085
,G276314,05/12/2001 09:00:00 PM,028XX W FITCH AV,1310,CRIMINAL DAMAGE,TO PROPERTY,RESIDENCE-GARAGE,false,false,2411,,,,14,1156047,1947322,,42.011244977,-87.701181647
,G276775,05/12/2001 09:00:00 PM,004XX W RANDOLPH ST,0460,BATTERY,SIMPLE,RESTAURANT,true,false,0111,,,,08B,1173114,1901284,,41.884552243,-87.63975617
,G274677,05/12/2001 10:55:44 PM,009XX N ASHLAND AV,041A,BATTERY,AGGRAVATED: HANDGUN,SIDEWALK,false,false,1323,,,,04B,1165592,1906518,,41.899078231,-87.667228638
,G274595,05/12/2001 03:00:00 PM,010XX W ADAMS ST,0610,BURGLARY,FORCIBLE ENTRY,COMMERCIAL / BUSINESS OFFICE,false,false,1213,,,,05,1169570,1899238,,41.879015736,-87.652829704
,G273075,05/12/2001 02:57:00 AM,018XX N MILWAUKEE AV,143A,WEAPONS VIOLATION,UNLAWFUL POSS OF HANDGUN,STREET,true,false,1434,,,,15,1160441,1912552,,41.91574418,-87.685980828
,G273188,05/12/2001 06:30:00 AM,021XX W CULLERTON ST,0460,BATTERY,SIMPLE,STREET,false,false,1223,,,,08B,1162264,1890342,,41.854760112,-87.679904589
,G274426,05/12/2001 07:39:09 PM,015XX W ROOSEVELT RD,0460,BATTERY,SIMPLE,SIDEWALK,true,false,1231,,,,08B,1166528,1894749,,41.866763197,-87.664127834
,G273468,05/12/2001 07:30:00 AM,019XX N SAWYER AV,2820,OTHER OFFENSE,TELEPHONE THREAT,APARTMENT,false,true,1421,,,,26,1154314,1912679,,41.916217378,-87.708487642
,G273601,05/12/2001 12:20:00 PM,033XX N BROADWAY,0560,ASSAULT,SIMPLE,STREET,true,false,2331,,,,08A,1171700,1922362,,41.942422596,-87.644326731
,G274047,05/12/2001 01:00:00 PM,045XX N HAZEL ST,0560,ASSAULT,SIMPLE,RESIDENCE PORCH/HALLWAY,false,false,2313,,,,08A,1169400,1930582,,41.965028995,-87.652540218
,G274276,05/12/2001 05:52:00 PM,003XX W DIVERSEY AV,1200,DECEPTIVE PRACTICE,STOLEN PROP: BUY/RECEIVE/POS.,STREET,true,false,2333,,,,13,1173704,1918952,,41.933020999,-87.637062981
,G274366,05/12/2001 07:30:00 PM,040XX N BROADWAY,031A,ROBBERY,ARMED: HANDGUN,SMALL RETAIL STORE,false,false,2322,,,,03,1169759,1927301,,41.956017989,-87.651316287
,G276811,05/12/2001 04:00:00 PM,049XX W BLOOMINGDALE AV,1310,CRIMINAL DAMAGE,TO PROPERTY,WAREHOUSE,false,false,2533,,,,14,1142788,1911545,,41.913328188,-87.750862342
,G274414,05/12/2001 07:20:00 PM,041XX N MARINE DR,2820,OTHER OFFENSE,TELEPHONE THREAT,RESIDENCE,false,false,2323,,,,26,1171068,1928006,,41.957923844,-87.646483357
,G276496,05/12/2001 05:00:00 PM,018XX S ST LOUIS AV,0630,BURGLARY,ATTEMPT FORCIBLE ENTRY,RESIDENCE,false,false,1021,,,,05,1153282,1890962,,41.856644298,-87.712856091
,G274635,05/12/2001 10:15:00 PM,031XX W LYNDALE ST,0820,THEFT,$500 AND UNDER,APARTMENT,false,false,1414,,,,06,1155151,1914961,,41.922462598,-87.705351138
,G274528,05/12/2001 09:00:00 PM,041XX N SHERIDAN RD,0320,ROBBERY,STRONGARM - NO WEAPON,SIDEWALK,false,false,2322,,,,03,1168814,1927799,,41.957405104,-87.654775813
,G274531,05/12/2001 09:10:00 PM,028XX N BROADWAY,0820,THEFT,$500 AND UNDER,DEPARTMENT STORE,true,false,2333,,,,06,1171646,1919270,,41.933939217,-87.644616505
,G276823,05/12/2001 03:30:00 PM,022XX W FULTON ST,0810,THEFT,OVER $500,OTHER,false,false,1332,,,,06,1161676,1901935,,41.886584636,-87.6817398
,G274168,05/12/2001 05:30:00 PM,064XX S DR MARTN LUTHR KING JR DR,0560,ASSAULT,SIMPLE,APARTMENT,false,false,0312,,,,08A,1179991,1862260,,41.777312228,-87.615700309
,G272951,05/12/2001 12:38:00 AM,014XX N MILWAUKEE AV,0820,THEFT,$500 AND UNDER,RESIDENCE,false,true,1424,,,,06,1163738,1909747,,41.90797814,-87.673947143
,G274406,05/12/2001 07:45:00 PM,067XX S M L KING JR DR,041A,BATTERY,AGGRAVATED: HANDGUN,STREET,false,false,0322,,,,04B,1180035,1860576,,41.772690155,-87.615590531
,G274037,05/12/2001 04:00:00 PM,057XX S CICERO AV,0560,ASSAULT,SIMPLE,AIRPORT/AIRCRAFT,true,false,0813,,,,08A,1145643,1865823,,41.787807253,-87.741531177
,G273120,05/12/2001 04:30:00 AM,020XX N WESTERN AV,0820,THEFT,$500 AND UNDER,RESTAURANT,true,false,1432,,,,06,1160083,1913328,,41.917880988,-87.687274617
,G276828,05/12/2001 06:30:00 PM,057XX S MICHIGAN AV,0820,THEFT,$500 AND UNDER,STREET,false,false,0233,,,,06,1178091,1867161,,41.790804362,-87.622517111
,G274990,05/12/2001 10:45:00 PM,019XX S KEDZIE AV,0325,ROBBERY,VEHICULAR HIJACKING,STREET,false,false,1022,,,,03,1155297,1890184,,41.854469183,-87.705480801
,G276836,05/12/2001 04:30:00 PM,024XX W DIVISION ST,1310,CRIMINAL DAMAGE,TO PROPERTY,MEDICAL/DENTAL OFFICE,false,false,1423,,,,14,1159979,1907947,,41.903117261,-87.687805509
,G274669,05/12/2001 11:04:00 PM,009XX N FRANCISCO AV,141A,WEAPONS VIOLATION,UNLAWFUL USE HANDGUN,STREET,true,false,1311,,,,15,1156840,1906142,,41.898228422,-87.699384706
,G275359,05/12/2001 04:45:00 PM,027XX N LEAVITT ST,1320,CRIMINAL DAMAGE,TO VEHICLE,STREET,false,false,1913,,,,14,1161896,1918038,,41.930767868,-87.680481823
,G273384,05/12/2001 10:13:43 AM,063XX N CLAREMONT AV,0460,BATTERY,SIMPLE,RESIDENCE,false,true,2413,,,,08B,1159539,1942007,,41.996588967,-87.688480404
,G273602,05/12/2001 12:22:25 PM,064XX N WINCHESTER AV,0560,ASSAULT,SIMPLE,RESIDENCE,false,true,2412,,,,08A,1162157,1942989,,41.9992291,-87.678822301
,G273533,05/12/2001 11:30:00 AM,013XX S FAIRFIELD AV,051A,ASSAULT,AGGRAVATED: HANDGUN,STREET,false,true,1023,,,,04A,1158280,1893800,,41.86433149,-87.694433159
,G275527,05/12/2001 09:00:00 PM,039XX W CORTLAND ST,0910,MOTOR VEHICLE THEFT,AUTOMOBILE,STREET,false,false,2535,,,,07,1149685,1912291,,41.915243956,-87.725504586
,G274587,05/12/2001 09:45:00 PM,033XX W OGDEN AV,0460,BATTERY,SIMPLE,GROCERY FOOD STORE,true,false,1021,,,,08B,1154011,1890884,,41.85641577,-87.710182332
,G275269,05/12/2001 08:00:00 PM,046XX N ROCKWELL ST,1310,CRIMINAL DAMAGE,TO PROPERTY,SMALL RETAIL STORE,false,false,1911,,,,14,1158157,1930800,,41.965864889,-87.693871971
,G273782,05/12/2001 02:00:02 PM,017XX W CHASE AV,1310,CRIMINAL DAMAGE,TO PROPERTY,OTHER,false,false,2423,,,,14,1163685,1948266,,42.01367712,-87.673051505
,G275719,05/12/2001 06:00:00 PM,041XX N MONITOR AV,0820,THEFT,$500 AND UNDER,OTHER,false,false,1624,,,,06,1136560,1927169,,41.956315921,-87.773368121
,G274641,05/12/2001 10:33:11 PM,019XX W LAKE ST,0460,BATTERY,SIMPLE,CHA APARTMENT,false,false,1333,,,,08B,1163242,1901332,,41.88489718,-87.676006021
,G274237,05/12/2001 05:40:00 PM,013XX S HOMAN AV,0312,ROBBERY,ARMED:KNIFE/CUTTING INSTRUMENT,RESIDENCE,false,true,1021,,,,03,1153952,1893651,,41.864009905,-87.710325195
,G274433,05/12/2001 07:45:00 PM,005XX W 73 ST,0520,ASSAULT,AGGRAVATED:KNIFE/CUTTING INSTR,STREET,true,false,0732,,,,04A,,,,,
,G272934,05/12/2001 12:30:00 AM,002XX E 113 ST,0460,BATTERY,SIMPLE,RESIDENCE,false,false,0531,,,,08B,1179991,1830052,,41.688929583,-87.616683443
,G276864,05/12/2001 02:00:00 PM,070XX S WESTERN AV,1320,CRIMINAL DAMAGE,TO VEHICLE,PARKING LOT/GARAGE(NON.RESID.),false,false,0832,,,,14,1161624,1858147,,41.766426449,-87.68314769
,G275470,05/12/2001 09:00:00 PM,107XX S HOXIE AV,0910,MOTOR VEHICLE THEFT,AUTOMOBILE,STREET,false,false,0434,,,,07,1195265,1834291,,41.700199548,-87.560627546
,G273088,05/12/2001 02:20:00 AM,028XX N MILWAUKEE AV,031A,ROBBERY,ARMED: HANDGUN,RESTAURANT,false,false,1412,,,,03,1153027,1918660,,41.932655374,-87.713057092
,G273283,05/12/2001 08:37:35 AM,052XX W WRIGHTWOOD AV,0320,ROBBERY,STRONGARM - NO WEAPON,STREET,false,false,2515,,,,03,1140891,1916751,,41.927649153,-87.757703226
,G274363,05/12/2001 07:05:00 PM,020XX W DEVON AV,0430,BATTERY,AGGRAVATED: OTHER DANG WEAPON,GROCERY FOOD STORE,false,false,2412,,,,04B,1161785,1942539,,41.998002081,-87.680203411
,G273108,05/12/2001 03:30:00 AM,108XX S CALUMET AV,0560,ASSAULT,SIMPLE,ALLEY,true,false,0513,,,,08A,1180458,1833288,,41.697798943,-87.61487497
,G273349,05/12/2001 10:17:00 AM,004XX W 115 ST,0460,BATTERY,SIMPLE,GROCERY FOOD STORE,true,false,0522,,,,08B,1175159,1828606,,41.685070486,-87.634416099
,G273961,05/12/2001 03:44:42 PM,076XX S MAY ST,0320,ROBBERY,STRONGARM - NO WEAPON,STREET,false,false,0612,,,,03,1169929,1854368,,41.755880081,-87.65281632
,G273551,05/12/2001 11:30:00 AM,120XX S HALSTED ST,1320,CRIMINAL DAMAGE,TO VEHICLE,STREET,false,false,0523,,,,14,1173206,1824941,,41.675056392,-87.641673226
,G274678,05/12/2001 10:35:00 PM,069XX S INDIANA AV,0460,BATTERY,SIMPLE,APARTMENT,true,true,0322,,,,08B,1178834,1858967,,41.76830231,-87.620041952
,G273893,05/12/2001 02:23:18 PM,018XX W 44 ST,0925,MOTOR VEHICLE THEFT,"ATT: TRUCK, BUS, MOTOR HOME",STREET,true,false,0914,,,,07,1165069,1875474,,41.813901746,-87.670030445
,G273707,05/12/2001 01:30:00 AM,133XX S GREENWOOD AV,0810,THEFT,OVER $500,CHA PARKING LOT/GROUNDS,false,false,0533,,,,06,1186094,1817654,,41.654766273,-87.594729842
,G274154,05/12/2001 05:05:40 PM,120XX S YALE AV,0430,BATTERY,AGGRAVATED: OTHER DANG WEAPON,SIDEWALK,false,false,0523,,,,04B,1176812,1825291,,41.675936658,-87.628464191
,G273970,05/12/2001 03:35:00 PM,026XX W 103 ST,0530,ASSAULT,AGGRAVATED: OTHER DANG WEAPON,STREET,false,false,2211,,,,04A,1160843,1836294,,41.7064745,-87.686612267
,G273747,05/12/2001 01:17:29 PM,080XX S LOOMIS ST,0930,MOTOR VEHICLE THEFT,THEFT/RECOVERY: AUTOMOBILE,RESIDENCE-GARAGE,false,false,0612,,,,07,1168437,1851364,,41.747668951,-87.658370525
,G275240,05/12/2001 10:00:00 PM,062XX S MENARD AV,0620,BURGLARY,UNLAWFUL ENTRY,RESIDENCE-GARAGE,false,false,0812,,,,05,1138851,1862637,,41.779189895,-87.766512155
,G274106,05/12/2001 04:28:00 PM,007XX E 61 ST,1330,CRIMINAL TRESPASS,TO LAND,RESIDENCE PORCH/HALLWAY,true,false,0313,,,,26,1182381,1864772,,41.784150324,-87.606860875
,G275392,05/12/2001 10:00:00 PM,026XX S AVERS AV,0910,MOTOR VEHICLE THEFT,AUTOMOBILE,STREET,false,false,1031,,,,07,1151086,1886392,,41.84414692,-87.721036257
,G275931,05/12/2001 09:30:00 PM,061XX S RICHMOND ST,0560,ASSAULT,SIMPLE,RESIDENCE,false,false,0823,,,,08A,1157815,1863482,,41.781144637,-87.6969645
,G274090,05/12/2001 04:48:36 PM,061XX N CLAREMONT AV,0313,ROBBERY,ARMED: OTHER DANGEROUS WEAPON,SIDEWALK,false,false,2413,,,,03,1159577,1940743,,41.993119719,-87.688375639
,G275308,05/12/2001 10:00:00 PM,090XX S LAFLIN ST,0560,ASSAULT,SIMPLE,APARTMENT,false,false,2221,,,,08A,1167889,1844486,,41.728806506,-87.660575585
,G272960,05/12/2001 12:54:17 AM,005XX W 123 ST,0810,THEFT,OVER $500,VEHICLE NON-COMMERCIAL,false,false,0523,,,,06,1175174,1823297,,41.670501416,-87.634518813
,G273477,05/12/2001 11:29:56 AM,066XX S STONY ISLAND AV,1330,CRIMINAL TRESPASS,TO LAND,GAS STATION,true,false,0321,,,,26,1187978,1861536,,41.775138882,-87.586443472
,G273016,05/12/2001 01:56:23 AM,044XX S WESTERN AV,041A,BATTERY,AGGRAVATED: HANDGUN,STREET,false,false,0914,,,,04B,1161216,1875388,,41.813746493,-87.684166001
,G275907,05/12/2001 08:00:00 PM,051XX N EAST RIVER RD,0820,THEFT,$500 AND UNDER,PARKING LOT/GARAGE(NON.RESID.),false,false,1614,,,,06,1116670,1933228,,41.973275935,-87.84636404
,G274626,05/12/2001 10:10:00 PM,061XX N CLAREMONT AV,0337,ROBBERY,ATTEMPT: ARMED-OTHER DANG WEAP,OTHER,false,false,2413,,,,03,1159577,1940743,,41.993119719,-87.688375639
,G275428,05/12/2001 11:00:00 PM,054XX S ASHLAND AV,0820,THEFT,$500 AND UNDER,STREET,false,false,0932,,,,06,1166631,1868876,,41.79576285,-87.664489234
,G274623,05/12/2001 09:40:00 PM,056XX S ARTESIAN AV,0460,BATTERY,SIMPLE,PARK PROPERTY,false,false,0824,,,,08B,1161031,1867168,,41.791193602,-87.685072003
,G273771,05/12/2001 05:15:00 AM,042XX N MONITOR AV,0820,THEFT,$500 AND UNDER,STREET,false,false,1624,,,,06,1136622,1927733,,41.95786248,-87.773126635
,G275401,05/12/2001 02:00:00 PM,071XX S JEFFERY BL,0820,THEFT,$500 AND UNDER,STREET,false,false,0333,,,,06,1190742,1857932,,41.765182903,-87.576427452
,G276951,05/12/2001 01:30:00 PM,021XX W LEXINGTON ST,0820,THEFT,$500 AND UNDER,POLICE FACILITY/VEH PARKING LOT,false,false,1224,,,,06,1162360,1896707,,41.872224269,-87.679374268
,G274041,05/12/2001 04:18:51 PM,011XX N MASON AV,0320,ROBBERY,STRONGARM - NO WEAPON,SIDEWALK,false,false,1511,,,,03,1136446,1907057,,41.901128394,-87.774269314
,G275238,05/12/2001 04:00:00 PM,012XX W 112 ST,0610,BURGLARY,FORCIBLE ENTRY,RESIDENCE,false,false,2234,,,,05,1169777,1830542,,41.690501318,-87.654062347
,G274353,05/12/2001 12:00:00 PM,001XX W LOWER WACKER DR,0820,THEFT,$500 AND UNDER,STREET,false,false,0113,,,,06,1175467,1902220,,41.88706817,-87.631087595
,G277001,05/12/2001 09:30:00 AM,025XX N WASHTENAW AV,0620,BURGLARY,UNLAWFUL ENTRY,RESIDENCE-GARAGE,false,false,1431,,,,05,1157898,1916760,,41.927343541,-87.695208591
,G274434,05/12/2001 07:52:00 PM,038XX W 13 ST,1320,CRIMINAL DAMAGE,TO VEHICLE,STREET,false,false,1011,,,,14,1151035,1893730,,41.864284279,-87.72103139
,G276986,05/12/2001 10:00:00 PM,005XX W STRATFORD PL,0820,THEFT,$500 AND UNDER,PARKING LOT/GARAGE(NON.RESID.),false,false,2331,,,,06,1171740,1923397,,41.945261791,-87.644149128
,G277002,05/12/2001 04:00:00 AM,009XX N LEAMINGTON AV,5002,OTHER OFFENSE,OTHER VEHICLE OFFENSE,STREET,false,true,1531,,,,26,1141888,1905991,,41.898104108,-87.754306523
,G275504,05/12/2001 09:00:00 PM,028XX W 21 ST,0460,BATTERY,SIMPLE,RESIDENCE,false,true,1023,,,,08B,1157749,1889975,,41.853846112,-87.696486606
,G276402,05/12/2001 10:20:00 PM,028XX S ST LOUIS AV,2826,OTHER OFFENSE,HARASSMENT BY ELECTRONIC MEANS,RESIDENCE,false,false,1032,,,,26,1153456,1884871,,41.839926413,-87.712379075
,G275606,05/12/2001 10:00:00 PM,094XX S MAY ST,0820,THEFT,$500 AND UNDER,OTHER,false,false,2222,,,,06,1170278,1842048,,41.722064707,-87.651894823
,G274763,05/12/2001 11:00:00 PM,019XX W CORTLAND ST,0430,BATTERY,AGGRAVATED: OTHER DANG WEAPON,TAVERN/LIQUOR STORE,false,false,1434,,,,04B,1163097,1912612,,41.915853397,-87.676221207
,G273140,05/12/2001 04:30:00 AM,012XX W PRATT AV,0820,THEFT,$500 AND UNDER,APARTMENT,true,false,2431,,,,06,1166487,1945351,,42.005618545,-87.66282544
,G275572,05/12/2001 06:00:00 PM,023XX W 111 ST,0820,THEFT,$500 AND UNDER,GROCERY FOOD STORE,false,false,2212,,,,06,1162749,1830916,,41.691676842,-87.679781968
,G274496,05/12/2001 09:00:00 PM,047XX W SCHOOL ST,5002,OTHER OFFENSE,OTHER VEHICLE OFFENSE,STREET,true,false,1731,,,,26,1144582,1921568,,41.94079866,-87.744018417
,G275661,05/12/2001 11:00:00 PM,089XX S BEVERLY AV,0810,THEFT,OVER $500,RESIDENCE,true,false,2221,,,,06,1165727,1845219,,41.730864067,-87.66847477
,G277031,05/12/2001 06:00:00 PM,122XX S ASHLAND AV,0820,THEFT,$500 AND UNDER,STREET,false,false,0524,,,,06,1167918,1823778,,41.671979766,-87.661061486
,G274199,05/12/2001 05:30:00 PM,021XX N MOZART ST,0520,ASSAULT,AGGRAVATED:KNIFE/CUTTING INSTR,STREET,false,false,1414,,,,04A,1156932,1914171,,41.9202588,-87.698828649
,G273830,05/12/2001 02:30:00 PM,104XX S AVENUE G,0810,THEFT,OVER $500,STREET,false,false,0432,,,,06,1203115,1836583,,41.70629212,-87.531806556
,G274132,05/12/2001 03:30:00 PM,024XX N MILWAUKEE AV,0420,BATTERY,AGGRAVATED:KNIFE/CUTTING INSTR,SIDEWALK,false,false,1414,,,,04B,1156450,1915795,,41.924724955,-87.70055558
,G274476,05/12/2001 08:21:13 PM,076XX N GREENVIEW AV,0820,THEFT,$500 AND UNDER,APARTMENT,false,true,2422,,,,06,1164934,1950380,,42.01945144,-87.668395328
,G273376,05/12/2001 09:00:00 AM,073XX S PHILLIPS AV,0460,BATTERY,SIMPLE,RESIDENCE,true,true,0334,,,,08B,1193886,1856486,,41.761138475,-87.564951311
,G274728,05/12/2001 10:00:00 PM,019XX N MILWAUKEE AV,0320,ROBBERY,STRONGARM - NO WEAPON,STREET,false,false,1434,,,,03,1160366,1912616,,41.915921354,-87.686254599
,G275705,05/12/2001 10:30:00 AM,061XX N KENMORE AV,0820,THEFT,$500 AND UNDER,STREET,false,false,2433,,,,06,1168095,1940680,,41.992766532,-87.657045225
,G274726,05/12/2001 02:00:00 AM,031XX W IRVING PARK RD,0910,MOTOR VEHICLE THEFT,AUTOMOBILE,STREET,false,false,1733,,,,07,1154359,1926379,,41.953810317,-87.707955153
,G273628,05/12/2001 05:49:00 AM,070XX S CRANDON AV,2820,OTHER OFFENSE,TELEPHONE THREAT,APARTMENT,false,true,0331,,,,26,1192582,1858698,,41.767240237,-87.569658496
,G273029,05/12/2001 02:10:00 AM,030XX W ARMITAGE AV,0810,THEFT,OVER $500,PARKING LOT/GARAGE(NON.RESID.),false,false,1414,,,,06,1155363,1913165,,41.917529965,-87.704620561
,G273879,05/12/2001 02:45:00 PM,040XX N BROADWAY,0470,PUBLIC PEACE VIOLATION,RECKLESS CONDUCT,STREET,true,false,2322,,,,24,1169785,1927066,,41.955372573,-87.651227582
,G273421,05/12/2001 10:20:00 AM,019XX N WESTERN AV,1310,CRIMINAL DAMAGE,TO PROPERTY,RESTAURANT,true,false,1434,,,,14,1160092,1913044,,41.917101486,-87.687249412
,G274755,05/12/2001 10:40:00 PM,006XX S COLUMBUS DR,0820,THEFT,$500 AND UNDER,STREET,false,false,0124,,,,06,1178418,1897275,,41.873432049,-87.620401681
,G274502,05/12/2001 08:00:00 PM,027XX W ARMITAGE AV,0430,BATTERY,AGGRAVATED: OTHER DANG WEAPON,STREET,true,true,1421,,,,04B,1157636,1913130,,41.917387893,-87.696270431
,G274420,05/12/2001 07:28:57 PM,076XX S CICERO AV,1330,CRIMINAL TRESPASS,TO LAND,DEPARTMENT STORE,true,false,0833,,,,26,1145766,1853744,,41.754658085,-87.741385006
,G274071,05/12/2001 04:45:00 PM,034XX S DR MARTN LUTHR KING JR DR,0820,THEFT,$500 AND UNDER,SMALL RETAIL STORE,true,false,2122,,,,06,1179518,1882080,,41.831710856,-87.616828591
,G273780,05/12/2001 01:30:00 PM,022XX N STAVE ST,0460,BATTERY,SIMPLE,STREET,false,true,1431,,,,08B,,,,,
,G277065,05/12/2001 06:45:00 AM,047XX W VAN BUREN ST,0820,THEFT,$500 AND UNDER,STREET,false,false,1131,,,,06,1144493,1897557,,41.874911576,-87.744950871
,G273277,05/12/2001 08:20:00 AM,016XX N TALMAN AV,0460,BATTERY,SIMPLE,RESIDENCE,false,true,1421,,,,08B,1158405,1910981,,41.91147516,-87.693504006
,G277103,05/12/2001 05:00:00 PM,036XX W DIVISION ST,1320,CRIMINAL DAMAGE,TO VEHICLE,RESTAURANT,false,false,1112,,,,14,1151630,1907707,,41.902626983,-87.71847953
,G273689,05/12/2001 01:08:50 PM,015XX N MAYFIELD AV,0630,BURGLARY,ATTEMPT FORCIBLE ENTRY,RESIDENCE,false,false,2531,,,,05,1136775,1909650,,41.908238014,-87.772998635
,G274602,05/12/2001 09:20:00 PM,069XX S ASHLAND AV,0320,ROBBERY,STRONGARM - NO WEAPON,STREET,false,false,0735,,,,03,1166831,1858926,,41.768454533,-87.664039827
,G274143,05/12/2001 02:45:00 AM,032XX N HARLEM AV,1310,CRIMINAL DAMAGE,TO PROPERTY,GAS STATION,false,false,1631,,,,14,1127481,1920467,,41.938082786,-87.80689684
,G274573,05/12/2001 09:39:50 PM,005XX N ST LOUIS AV,0560,ASSAULT,SIMPLE,STREET,false,true,1121,,,,08A,1152905,1903640,,41.891441568,-87.713904064
,G277098,05/12/2001 10:30:00 AM,005XX W 115 ST,0910,MOTOR VEHICLE THEFT,AUTOMOBILE,STREET,false,false,0524,,,,07,1174829,1828596,,41.685050385,-87.635624438
,G274945,05/12/2001 11:30:00 PM,064XX S PAULINA ST,0430,BATTERY,AGGRAVATED: OTHER DANG WEAPON,STREET,false,false,0725,,,,04B,1166056,1862226,,41.77752668,-87.666786837
,G275209,05/12/2001 09:00:00 PM,108XX S GREEN BAY AV,0820,THEFT,$500 AND UNDER,RESIDENCE,false,false,0432,,,,06,1200578,1833426,,41.697693456,-87.541203023
,G275905,05/12/2001 11:00:00 PM,058XX W FULLERTON AV,0810,THEFT,OVER $500,STREET,false,false,2515,,,,06,1137303,1915402,,41.924012688,-87.770920433
,G273070,05/12/2001 03:10:00 AM,015XX W ARMITAGE AV,0460,BATTERY,SIMPLE,STREET,true,false,1433,,,,08B,1165736,1913418,,41.918009217,-87.666502709
,G275704,05/12/2001 08:30:00 PM,050XX W ARMITAGE AV,0820,THEFT,$500 AND UNDER,ALLEY,false,false,2522,,,,06,1142249,1912863,,41.91695495,-87.752809763
,G275256,05/12/2001 10:00:00 PM,054XX W LE MOYNE ST,0820,THEFT,$500 AND UNDER,STREET,false,false,2532,,,,06,1139534,1909396,,41.907491103,-87.762869518
,G277164,05/12/2001 11:00:00 PM,037XX S WALLACE ST,0620,BURGLARY,UNLAWFUL ENTRY,RESIDENCE-GARAGE,false,false,0925,,,,05,1172956,1879904,,41.825887384,-87.640969422
,G274960,05/12/2001 08:00:00 AM,074XX S JEFFERY AV,0610,BURGLARY,FORCIBLE ENTRY,APARTMENT,false,false,0333,,,,05,1190871,1855998,,41.759872733,-87.576017045
,G274589,05/12/2001 09:50:00 PM,049XX W IOWA ST,1330,CRIMINAL TRESPASS,TO LAND,RESIDENCE,false,true,1531,,,,26,1143161,1905566,,41.896914188,-87.749641467
,G273251,05/12/2001 08:33:10 AM,081XX S ASHLAND AV,051A,ASSAULT,AGGRAVATED: HANDGUN,SIDEWALK,false,false,0614,,,,04A,1167127,1850808,,41.746171307,-87.663186638
,G274710,05/12/2001 10:50:00 PM,009XX N LOCKWOOD AV,1310,CRIMINAL DAMAGE,TO PROPERTY,RESIDENCE,false,true,1524,,,,14,1140804,1906055,,41.898299739,-87.75828644
,G277193,05/12/2001 01:00:00 PM,028XX N PULASKI RD,1310,CRIMINAL DAMAGE,TO PROPERTY,OTHER,false,false,2523,,,,14,1149266,1918833,,41.933203936,-87.726873976
,G273402,05/12/2001 10:14:59 AM,075XX S LAFAYETTE AV,0460,BATTERY,SIMPLE,SIDEWALK,false,false,0623,,,,08B,1177182,1855083,,41.757681613,-87.626214316
,G273475,05/12/2001 10:50:00 AM,055XX W CHICAGO AV,0810,THEFT,OVER $500,DRUG STORE,false,false,1524,,,,06,1139147,1904830,,41.894968505,-87.7644024
,G273609,05/12/2001 11:00:00 AM,009XX E 84 ST,0530,ASSAULT,AGGRAVATED: OTHER DANG WEAPON,APARTMENT,false,false,0632,,,,04A,1183726,1849442,,41.742052012,-87.60240724
,G274851,05/12/2001 10:45:00 PM,052XX W JACKSON BV,0820,THEFT,$500 AND UNDER,GAS STATION,false,false,1522,,,,06,1141736,1898134,,41.876546354,-87.755059287
,G273623,05/12/2001 12:27:00 PM,075XX S EGGLESTON AV,0560,ASSAULT,SIMPLE,RESIDENCE PORCH/HALLWAY,false,false,0621,,,,08A,1174555,1855102,,41.757792601,-87.63584133
,G274638,05/12/2001 10:30:00 PM,033XX W POTOMAC AV,0460,BATTERY,SIMPLE,RESIDENCE,false,true,1422,,,,08B,1153949,1908413,,41.904518386,-87.709942552
,G273459,05/12/2001 11:30:00 AM,100XX W OHARE ST,0820,THEFT,$500 AND UNDER,AIRPORT/AIRCRAFT,true,false,1651,,,,06,1100635,1934208,,41.976200173,-87.905312411
,G273414,05/12/2001 10:39:26 AM,011XX N KILDARE AV,1320,CRIMINAL DAMAGE,TO VEHICLE,STREET,false,false,1111,,,,14,1147452,1907610,,41.902441951,-87.733828667
,G274334,05/12/2001 06:20:00 PM,100XX W OHARE ST,0810,THEFT,OVER $500,AIRPORT/AIRCRAFT,false,false,1651,,,,06,1100635,1934208,,41.976200173,-87.905312411
,G273832,05/12/2001 02:22:48 PM,006XX S WABASH AV,1330,CRIMINAL TRESPASS,TO LAND,COLLEGE/UNIVERSITY GROUNDS,true,false,0132,,,,26,1176936,1897436,,41.873907491,-87.625837904
,G274521,05/12/2001 08:00:00 PM,025XX W CONGRESS PW,031A,ROBBERY,ARMED: HANDGUN,STREET,false,false,1135,,,,03,1159800,1897729,,41.87508187,-87.688744957
,G277237,05/12/2001 11:00:00 PM,002XX S PEORIA ST,0910,MOTOR VEHICLE THEFT,AUTOMOBILE,STREET,false,false,1213,,,,07,1170404,1899280,,41.8791128,-87.649766199
,G273779,05/12/2001 01:44:03 PM,076XX S STATE ST,0820,THEFT,$500 AND UNDER,GAS STATION,false,false,0623,,,,06,1177552,1854619,,41.75639999,-87.624872325
,G273738,05/12/2001 01:35:00 PM,027XX W MADISON ST,0820,THEFT,$500 AND UNDER,STREET,false,false,1331,,,,06,1158338,1899947,,41.881198277,-87.69405218
,G274842,05/12/2001 11:30:00 PM,025XX S KEDZIE AV,0420,BATTERY,AGGRAVATED:KNIFE/CUTTING INSTR,SIDEWALK,false,false,1024,,,,04B,1155384,1887186,,41.84624058,-87.705241958
,G274621,05/12/2001 10:00:00 PM,012XX S KEELER AV,0320,ROBBERY,STRONGARM - NO WEAPON,STREET,false,false,1011,,,,03,1148545,1893844,,41.864645479,-87.730169258
,G273166,05/12/2001 06:10:20 AM,045XX W WASHINGTON BL,0460,BATTERY,SIMPLE,RESIDENCE,true,true,1113,,,,08B,1146113,1900070,,41.881776918,-87.73893894
,G277276,05/12/2001 12:30:00 AM,023XX S AVERS AV,0820,THEFT,$500 AND UNDER,STREET,false,false,1013,,,,06,1151038,1888104,,41.848845801,-87.721167625
,G277270,05/12/2001 12:00:00 PM,030XX W CULLERTON ST,1310,CRIMINAL DAMAGE,TO PROPERTY,RESIDENCE,false,false,1022,,,,14,1156181,1890262,,41.85466544,-87.702234038
,G275732,05/12/2001 11:30:00 AM,031XX N DRAKE AV,0610,BURGLARY,FORCIBLE ENTRY,RESIDENCE,false,false,1412,,,,05,1152221,1920483,,41.937673795,-87.715970832
,G273860,05/12/2001 02:15:55 PM,017XX N KOSTNER AV,0820,THEFT,$500 AND UNDER,DEPARTMENT STORE,true,false,2533,,,,06,1146739,1911368,,41.912767935,-87.736351587
,G274315,05/12/2001 06:00:00 PM,048XX N CLARK ST,0820,THEFT,$500 AND UNDER,OTHER,true,false,2032,,,,06,1165241,1932369,,41.970022252,-87.667780737
,G274472,05/12/2001 08:17:41 PM,005XX N HAMLIN AV,0460,BATTERY,SIMPLE,RESIDENCE,false,true,1122,,,,08B,1150998,1903391,,41.89079585,-87.720914155
,G273868,05/12/2001 01:58:00 PM,084XX S RACINE AV,0460,BATTERY,SIMPLE,STREET,false,false,0613,,,,08B,1169829,1848994,,41.741135269,-87.653338441
,G277327,05/12/2001 08:00:00 PM,039XX S ARTESIAN AV,1310,CRIMINAL DAMAGE,TO PROPERTY,RESIDENCE-GARAGE,false,false,0914,,,,14,1160634,1878334,,41.821842716,-87.686219449
,G273796,05/12/2001 02:05:40 PM,031XX W ARTHINGTON ST,0430,BATTERY,AGGRAVATED: OTHER DANG WEAPON,RESIDENCE PORCH/HALLWAY,false,false,1134,,,,04B,1155410,1895904,,41.870163218,-87.704912366
,G274213,05/12/2001 05:00:00 PM,075XX S HAMILTON AV,0460,BATTERY,SIMPLE,RESIDENCE,true,true,0611,,,,08B,1163174,1854591,,41.756635986,-87.6775657
,G273238,05/12/2001 03:00:00 AM,039XX W LAKE ST,031A,ROBBERY,ARMED: HANDGUN,STREET,false,false,1122,,,,03,1149717,1901397,,41.885349093,-87.725670514
,G273303,05/12/2001 09:18:27 AM,032XX W ROOSEVELT RD,0820,THEFT,$500 AND UNDER,GROCERY FOOD STORE,false,false,1134,,,,06,1154759,1894563,,41.866496423,-87.707338303
,G273497,05/12/2001 11:10:00 AM,023XX W DIVERSEY AV,0460,BATTERY,SIMPLE,STREET,false,false,1432,,,,08B,1160259,1918501,,41.932072418,-87.686484613
,G274558,05/12/2001 08:50:00 PM,027XX S PRAIRIE AV,0560,ASSAULT,SIMPLE,PARKING LOT/GARAGE(NON.RESID.),false,false,2112,,,,08A,1178534,1886652,,41.844279223,-87.620299695
,G274019,05/12/2001 04:07:00 PM,025XX W DIVERSEY AV,0460,BATTERY,SIMPLE,SIDEWALK,false,false,1411,,,,08B,1159191,1918481,,41.93203958,-87.690409919
,G274499,05/12/2001 08:20:00 PM,043XX W AUGUSTA BL,0430,BATTERY,AGGRAVATED: OTHER DANG WEAPON,SIDEWALK,true,false,1111,,,,04B,1147494,1906357,,41.899002781,-87.733706562
,G273818,05/12/2001 02:10:00 PM,041XX W JACKSON BL,0320,ROBBERY,STRONGARM - NO WEAPON,SIDEWALK,false,false,1132,,,,03,1149009,1898328,,41.876941141,-87.728349887
,G272962,05/12/2001 12:50:00 AM,047XX S VINCENNES AV,0560,ASSAULT,SIMPLE,STREET,false,true,0223,,,,08A,1180358,1873685,,41.808655056,-87.614004446
,G273294,05/12/2001 09:17:23 AM,034XX W CHICAGO AV,031A,ROBBERY,ARMED: HANDGUN,STREET,false,false,1121,,,,03,1153548,1905165,,41.895613555,-87.711502024
,G273345,05/12/2001 10:00:00 AM,054XX W ADDISON ST,5002,OTHER OFFENSE,OTHER VEHICLE OFFENSE,ALLEY,true,false,1633,,,,26,1139706,1923368,,41.945828623,-87.761895623
,G277367,05/12/2001 03:00:00 AM,051XX S WESTERN AV,0325,ROBBERY,VEHICULAR HIJACKING,STREET,false,false,0911,,,,03,1161345,1870773,,41.801079686,-87.683820749
,G274335,05/12/2001 06:15:00 PM,047XX W ADAMS ST,1320,CRIMINAL DAMAGE,TO VEHICLE,ALLEY,false,false,1113,,,,14,1144599,1898660,,41.877936348,-87.744533897
,G273660,05/12/2001 12:38:21 PM,027XX W JACKSON BV,0320,ROBBERY,STRONGARM - NO WEAPON,STREET,false,false,1125,,,,03,1158288,1898543,,41.87734659,-87.694274165
,G277415,05/12/2001 02:00:00 AM,022XX W ARTHUR AV,1320,CRIMINAL DAMAGE,TO VEHICLE,STREET,false,false,2412,,,,14,1160215,1943073,,41.99950011,-87.685964043
,G277382,05/12/2001 11:00:00 AM,022XX W 18 ST,0910,MOTOR VEHICLE THEFT,AUTOMOBILE,STREET,false,false,1223,,,,07,1161828,1891332,,41.857485864,-87.68147731
,G274348,05/12/2001 07:05:38 PM,038XX W ADAMS ST,0460,BATTERY,SIMPLE,SIDEWALK,true,false,1122,,,,08B,1150524,1898770,,41.878124599,-87.722775672
,G274222,05/12/2001 06:02:43 PM,010XX N SPRINGFIELD AV,1310,CRIMINAL DAMAGE,TO PROPERTY,RESIDENCE,false,false,1112,,,,14,1150158,1906547,,41.89947265,-87.723916748
,G273010,05/12/2001 01:11:53 AM,057XX W LAKE ST,0460,BATTERY,SIMPLE,RESIDENCE,false,true,1512,,,,08B,1137981,1902262,,41.887942724,-87.768746933
,G277541,05/12/2001 12:30:00 PM,062XX W 63 ST,1310,CRIMINAL DAMAGE,TO PROPERTY,CURRENCY EXCHANGE,false,false,0812,,,,14,1135847,1862051,,41.777635612,-87.777539247
,G277532,05/12/2001 05:00:00 PM,039XX W BELDEN AV,0910,MOTOR VEHICLE THEFT,AUTOMOBILE,STREET,false,false,2525,,,,07,1149655,1915036,,41.922777073,-87.725543329
,G277590,05/12/2001 02:00:00 PM,114XX S PRAIRIE AV,0810,THEFT,OVER $500,OTHER,false,false,0531,,,,06,1179989,1829379,,41.68708282,-87.61671126
,G276075,05/12/2001 07:00:00 PM,081XX S VINCENNES AV,1320,CRIMINAL DAMAGE,TO VEHICLE,PARKING LOT/GARAGE(NON.RESID.),false,false,0622,,,,14,1174702,1851073,,41.746733258,-87.635422371
,G273550,05/12/2001 11:28:53 AM,068XX S CAMPBELL AV,2093,NARCOTICS,FOUND SUSPECT NARCOTICS,RESIDENCE,true,false,0832,,,,26,1160853,1859004,,41.768794139,-87.685950066
,G277635,05/12/2001 11:30:00 PM,053XX S SAWYER AV,0810,THEFT,OVER $500,STREET,false,false,0822,,,,06,1155573,1869263,,41.797053772,-87.705029332
,G273908,05/12/2001 03:10:00 PM,029XX W BELMONT AV,0460,BATTERY,SIMPLE,ABANDONED BUILDING,false,false,1411,,,,08B,1156449,1921093,,41.939263075,-87.700415546
,G273976,05/12/2001 03:50:00 PM,047XX W WEST END AV,0460,BATTERY,SIMPLE,SIDEWALK,false,true,1113,,,,08B,1144658,1900596,,41.883247854,-87.744268469
,G274067,05/12/2001 04:40:00 PM,002XX N KILPATRICK AV,5011,OTHER OFFENSE,LICENSE VIOLATION,SIDEWALK,false,false,1113,,,,26,1145037,1901370,,41.885364654,-87.742857186
,G274253,05/12/2001 06:33:46 PM,001XX S PULASKI RD,1320,CRIMINAL DAMAGE,TO VEHICLE,STREET,false,false,1122,,,,14,1149794,1898923,,41.878558668,-87.725452105
,G274608,05/12/2001 10:03:29 PM,040XX W POLK ST,0430,BATTERY,AGGRAVATED: OTHER DANG WEAPON,APARTMENT,false,true,1132,,,,04B,1149726,1896103,,41.870821588,-87.725775082
,G274556,05/12/2001 09:03:26 PM,013XX N LARRABEE ST,1350,CRIMINAL TRESPASS,TO STATE SUP LAND,CHA HALLWAY/STAIRWELL/ELEVATOR,true,false,1822,,,,26,1172048,1909151,,41.906163332,-87.643438342
,G273583,05/12/2001 12:15:00 PM,062XX N WINTHROP AV,2027,NARCOTICS,POSS: CRACK,SIDEWALK,true,false,2433,,,,18,1167769,1941473,,41.994949598,-87.658221365
,G277741,05/12/2001 12:00:00 PM,004XX N CICERO AV,0820,THEFT,$500 AND UNDER,COMMERCIAL / BUSINESS OFFICE,false,false,1532,,,,06,1144251,1902433,,41.888296456,-87.745716825
,G273020,05/12/2001 02:10:30 AM,025XX W VAN BUREN ST,0460,BATTERY,SIMPLE,CHA HALLWAY/STAIRWELL/ELEVATOR,false,false,1125,,,,08B,1159628,1898123,,41.876166586,-87.689365619
,G273030,05/12/2001 01:51:03 AM,007XX N KILPATRICK AV,5002,OTHER OFFENSE,OTHER VEHICLE OFFENSE,STREET,true,false,1111,,,,26,1144876,1904702,,41.894511085,-87.743364286
,G273657,05/12/2001 05:00:00 AM,005XX S HOMAN AV,031A,ROBBERY,ARMED: HANDGUN,GAS STATION,false,false,1133,,,,03,1153760,1897212,,41.873785498,-87.710935242
,G274700,05/12/2001 10:52:00 PM,034XX W CHICAGO AV,0325,ROBBERY,VEHICULAR HIJACKING,SIDEWALK,true,false,1121,,,,03,1152918,1905153,,41.895593132,-87.7138162
,G273901,05/12/2001 02:45:00 PM,056XX S WOOD ST,0460,BATTERY,SIMPLE,RESIDENCE PORCH/HALLWAY,false,true,0715,,,,08B,1165275,1867145,,41.791041618,-87.669510771
,G277868,05/12/2001 08:30:00 PM,081XX S CHAMPLAIN AV,0820,THEFT,$500 AND UNDER,RESIDENCE,false,false,0631,,,,06,1181943,1851051,,41.746508659,-87.608890427
,G276728,05/12/2001 09:00:00 PM,008XX N STATE ST,0610,BURGLARY,FORCIBLE ENTRY,RESTAURANT,false,false,1833,,,,05,1176255,1906062,,41.897593084,-87.628077903
,G273969,05/12/2001 01:30:00 AM,023XX N KENMORE AV,0820,THEFT,$500 AND UNDER,OTHER,false,false,1811,,,,06,1168940,1915943,,41.924868985,-87.654657683
,G274493,05/12/2001 03:15:00 AM,002XX W DIVISION ST,0312,ROBBERY,ARMED:KNIFE/CUTTING INSTRUMENT,STREET,false,false,1821,,,,03,1174472,1908368,,41.9039609,-87.634557597
,G273588,05/12/2001 12:15:58 PM,034XX W WALNUT ST,0460,BATTERY,SIMPLE,RESIDENCE,false,true,1123,,,,08B,1153598,1901499,,41.885552694,-87.711415974
,G273810,05/12/2001 01:47:46 PM,012XX N CLARK ST,0313,ROBBERY,ARMED: OTHER DANGEROUS WEAPON,STREET,false,false,1821,,,,03,1175278,1908386,,41.903992238,-87.63159645
,G278011,05/12/2001 06:00:00 PM,034XX S SHIELDS AV,1320,CRIMINAL DAMAGE,TO VEHICLE,PARKING LOT/GARAGE(NON.RESID.),false,false,0924,,,,14,1174568,1881776,,41.830988513,-87.634999575
,G274137,05/12/2001 12:00:00 PM,006XX N WELLS ST,0460,BATTERY,SIMPLE,STREET,false,false,1831,,,,08B,1174593,1904164,,41.892422198,-87.634238972
,G278119,05/12/2001 09:00:00 AM,010XX W 92 ST,1310,CRIMINAL DAMAGE,TO PROPERTY,RESIDENCE-GARAGE,false,false,2222,,,,14,1170705,1843756,,41.726742421,-87.650281147
,G278205,05/12/2001 02:00:00 PM,016XX E 53 ST,0820,THEFT,$500 AND UNDER,OTHER,false,false,2132,,,,06,1188197,1870409,,41.799481847,-87.585357687
,G273764,05/12/2001 01:20:00 PM,015XX E 72 ST,0930,MOTOR VEHICLE THEFT,THEFT/RECOVERY: AUTOMOBILE,STREET,true,false,0324,,,,07,1187536,1857512,,41.764107201,-87.588191562
,G278262,05/12/2001 01:30:00 PM,016XX N NORTH PARK AV,0810,THEFT,OVER $500,SIDEWALK,false,false,1814,,,,06,1173824,1911369,,41.912210252,-87.636848332
,G277264,05/12/2001 07:30:00 PM,059XX S ASHLAND AV,0610,BURGLARY,FORCIBLE ENTRY,GAS STATION,false,false,0714,,,,05,1166648,1865330,,41.786031834,-87.664528051
,G278362,05/12/2001 12:00:00 AM,026XX W WINNEMAC AV,1330,CRIMINAL TRESPASS,TO LAND,OTHER,false,true,2031,,,,26,1157750,1933478,,41.973221787,-87.695295103
,G273844,05/12/2001 02:33:03 PM,016XX N KOLMAR AV,0560,ASSAULT,SIMPLE,STREET,false,false,2533,,,,08A,1145851,1910453,,41.910273995,-87.739637181
,G273663,05/12/2001 12:12:45 PM,044XX W WRIGHTWOOD AV,1310,CRIMINAL DAMAGE,TO PROPERTY,PARK PROPERTY,false,false,2524,,,,14,1146174,1917188,,41.928749358,-87.738278914
,G274491,05/12/2001 08:25:00 PM,024XX N LECLAIRE AV,0460,BATTERY,SIMPLE,OTHER,false,false,2521,,,,08B,1141933,1916053,,41.92571451,-87.753891568
,G272956,05/12/2001 01:02:33 AM,014XX N LAVERGNE AV,1310,CRIMINAL DAMAGE,TO PROPERTY,RESIDENCE,false,false,2533,,,,14,1142727,1909414,,41.907481628,-87.751139586
,G273388,05/12/2001 10:11:39 AM,024XX N CENTRAL AV,0460,BATTERY,SIMPLE,NURSING HOME/RETIREMENT HOME,false,false,2515,,,,08B,1138586,1915946,,41.925482296,-87.766192887
,G278550,05/12/2001 08:00:00 AM,085XX S WALLACE ST,0820,THEFT,$500 AND UNDER,RESIDENCE,false,false,0622,,,,06,1173839,1848044,,41.738440454,-87.638674204
,G278742,05/12/2001 12:00:00 PM,036XX N LONG AV,0820,THEFT,$500 AND UNDER,STREET,false,false,1633,,,,06,1139678,1923531,,41.946276423,-87.761994549
,G278880,05/12/2001 03:00:00 AM,047XX W HARRISON ST,0281,CRIM SEXUAL ASSAULT,NON-AGGRAVATED,RESIDENCE,false,false,1131,,,,02,1145115,1896897,,41.873088732,-87.742683795
,G276246,05/12/2001 05:15:00 PM,018XX S CARPENTER ST,0910,MOTOR VEHICLE THEFT,AUTOMOBILE,STREET,true,false,1233,,,,07,1169494,1891318,,41.857284293,-87.65333912
,G278978,05/12/2001 02:00:00 PM,051XX N EAST RIVER RD,1310,CRIMINAL DAMAGE,TO PROPERTY,RESIDENCE,false,true,1614,,,,14,1116668,1932919,,41.972428032,-87.846377854
,G277250,05/12/2001 04:00:00 PM,100XX W OHARE ST,1310,CRIMINAL DAMAGE,TO PROPERTY,FACTORY/MANUFACTURING BUILDING,false,false,1651,,,,14,1100635,1934208,,41.976200173,-87.905312411
,G274045,05/12/2001 04:15:00 PM,015XX W HUBBARD ST,1320,CRIMINAL DAMAGE,TO VEHICLE,STREET,false,false,1324,,,,14,1166070,1903218,,41.890012595,-87.6655673
,G276268,05/12/2001 12:00:00 PM,006XX W GRACE ST,0610,BURGLARY,FORCIBLE ENTRY,APARTMENT,false,false,2323,,,,05,1170923,1925743,,41.951717286,-87.647083043
,G273909,05/12/2001 11:00:00 AM,029XX N LAKE SHORE DR,0810,THEFT,OVER $500,STREET,false,false,2333,,,,06,1173769,1919456,,41.934402545,-87.636809067
,G277043,05/12/2001 09:00:00 AM,028XX N COMMONWEALTH AV,0810,THEFT,OVER $500,STREET,false,false,2333,,,,06,1173491,1919212,,41.933739193,-87.63783798
,G273059,05/12/2001 02:50:00 AM,038XX S VINCENNES AV,0460,BATTERY,SIMPLE,CHA APARTMENT,false,true,0212,,,,08B,1180746,1879755,,41.825302692,-87.612394572
,G272986,05/12/2001 01:00:00 AM,053XX S PRAIRIE AV,1310,CRIMINAL DAMAGE,TO PROPERTY,APARTMENT,false,true,0232,,,,14,1178908,1869635,,41.797574674,-87.619446058
,G275421,05/12/2001 11:55:00 PM,041XX W FULLERTON AV,0910,MOTOR VEHICLE THEFT,AUTOMOBILE,STREET,false,false,2524,,,,07,1148192,1915670,,41.924545157,-87.730902551
,G971906,05/12/2001 12:00:00 PM,041XX N HERMITAGE AV,1310,CRIMINAL DAMAGE,TO PROPERTY,RESIDENCE,false,false,1923,,,,14,1164020,1927395,,41.956399323,-87.672411468
,G274713,05/12/2001 11:05:00 PM,130XX S GREENWOOD AV,0530,ASSAULT,AGGRAVATED: OTHER DANG WEAPON,CHA APARTMENT,true,true,0533,,,,04A,1185571,1818868,,41.658109947,-87.596605527
,G273158,05/12/2001 05:42:00 AM,038XX S RHODES AV,0460,BATTERY,SIMPLE,CHA APARTMENT,false,true,0212,,,,08B,1180251,1879318,,41.824114914,-87.614223995
,G273065,05/12/2001 02:30:00 AM,049XX S FEDERAL ST,1310,CRIMINAL DAMAGE,TO PROPERTY,CHA APARTMENT,true,true,0231,,,,14,1176576,1872029,,41.804196865,-87.627925741
,G274724,05/12/2001 11:22:43 PM,019XX W WASHINGTON BL,0460,BATTERY,SIMPLE,CHA APARTMENT,false,true,1333,,,,08B,1163486,1900744,,41.883278528,-87.675126577
,G971907,05/12/2001 01:45:00 AM,036XX N WESTERN AV,0820,THEFT,$500 AND UNDER,PARKING LOT/GARAGE(NON.RESID.),false,false,1912,,,,06,1159695,1923871,,41.946819695,-87.688408772
,G971920,05/12/2001 11:00:00 AM,045XX S ELLIS AV,0820,THEFT,$500 AND UNDER,STREET,false,false,2123,,,,06,1183638,1875345,,41.813134256,-87.601922446
,G278358,05/12/2001 12:00:00 PM,017XX W ARTHUR AV,1310,CRIMINAL DAMAGE,TO PROPERTY,SIDEWALK,false,false,2432,,,,14,1163249,1943430,,42.000416241,-87.674792665
,G275757,05/12/2001 06:30:00 PM,007XX W WAVELAND AV,1320,CRIMINAL DAMAGE,TO VEHICLE,CHA PARKING LOT/GROUNDS,false,false,2323,,,,14,1170979,1924949,,41.949537292,-87.646900566
,G275121,05/12/2001 04:00:00 PM,111XX S LANGLEY AV,0320,ROBBERY,STRONGARM - NO WEAPON,STREET,false,true,0531,,,,03,1182872,1830865,,41.69109431,-87.606111168
,G274718,05/12/2001 11:15:00 PM,006XX E 71 ST,1320,CRIMINAL DAMAGE,TO VEHICLE,STREET,false,false,0322,,,,14,1181711,1858122,,41.765917588,-87.609522532
,G274702,05/12/2001 11:05:00 PM,003XX E 51 ST,0820,THEFT,$500 AND UNDER,STREET,false,false,0224,,,,06,1179112,1871313,,41.802174607,-87.618646803
,G274652,05/12/2001 10:40:00 PM,047XX S LANGLEY AV,4387,OTHER OFFENSE,VIOLATE ORDER OF PROTECTION,RESIDENCE,false,false,0223,,,,26,1181768,1873807,,41.808957332,-87.608829157
,G274408,05/12/2001 07:56:41 PM,054XX S WENTWORTH AV,0820,THEFT,$500 AND UNDER,SMALL RETAIL STORE,true,false,0232,,,,06,1175923,1869122,,41.796234456,-87.630407807
,G273341,05/12/2001 09:45:00 AM,043XX S KING DR,0460,BATTERY,SIMPLE,STREET,false,false,0222,,,,08B,1179537,1876449,,41.816258519,-87.616931154
,G275195,05/12/2001 06:30:00 AM,087XX W CATHERINE AV,0620,BURGLARY,UNLAWFUL ENTRY,RESIDENCE,false,false,1614,,,,05,,,,,
,G273352,05/12/2001 09:45:00 AM,036XX S MICHIGAN AV,0620,BURGLARY,UNLAWFUL ENTRY,RESIDENCE,false,false,0211,,,,05,1177839,1880646,,41.82781411,-87.623032458
,G273377,05/12/2001 10:15:00 AM,045XX S CHAMPLAIN AV,1310,CRIMINAL DAMAGE,TO PROPERTY,RESIDENCE,true,true,0222,,,,14,1181503,1875187,,41.812750289,-87.609758497
,G273241,05/12/2001 02:00:00 AM,049XX S FEDERAL ST,2820,OTHER OFFENSE,TELEPHONE THREAT,CHA APARTMENT,true,true,0231,,,,26,1176576,1872029,,41.804196865,-87.627925741
,G275318,05/12/2001 09:00:00 PM,042XX N MONITOR AV,0810,THEFT,OVER $500,STREET,false,false,1624,,,,06,1136622,1927733,,41.95786248,-87.773126635
,G274440,05/12/2001 08:05:00 PM,039XX W WRIGHTWOOD AV,031A,ROBBERY,ARMED: HANDGUN,GAS STATION,false,false,2524,,,,03,1149341,1916950,,41.928035363,-87.72664732
,G274632,05/12/2001 08:15:00 AM,050XX N SHERIDAN RD,0820,THEFT,$500 AND UNDER,APARTMENT,true,false,2024,,,,06,1168671,1934152,,41.974841045,-87.655116647
,G277448,05/12/2001 10:20:00 AM,107XX S MACKINAW AV,0460,BATTERY,SIMPLE,RESIDENCE,false,false,0432,,,,08B,1200235,1834576,,41.70085781,-87.542420207
,G276890,05/12/2001 07:00:00 PM,027XX W TOUHY AV,0810,THEFT,OVER $500,CLEANING STORE,false,false,2411,,,,06,1157055,1947608,,42.012009285,-87.69746497
,G275759,05/12/2001 11:40:00 PM,069XX S WABASH AV,0810,THEFT,OVER $500,STREET,false,false,0322,,,,06,1177886,1858917,,41.768186626,-87.623518314
,G273898,05/12/2001 04:40:00 PM,009XX W AINSLIE ST,0580,STALKING,SIMPLE,STREET,false,false,2024,,,,08A,1169113,1933013,,41.971705984,-87.653524519
,G274349,05/12/2001 11:00:00 AM,026XX W ATTRILL ST,1320,CRIMINAL DAMAGE,TO VEHICLE,STREET,false,false,1431,,,,14,1158121,1914245,,41.920437638,-87.69445801
,G273473,05/12/2001 10:57:00 AM,052XX N WINTHROP AV,0560,ASSAULT,SIMPLE,ALLEY,true,false,2023,,,,08A,1167963,1935040,,41.977293094,-87.657694419
,G274470,05/12/2001 06:00:00 PM,0000X E 75 ST,0530,ASSAULT,AGGRAVATED: OTHER DANG WEAPON,BAR OR TAVERN,false,false,0623,,,,04A,1178331,1855271,,41.758171512,-87.621997707
,G275738,05/12/2001 08:30:00 PM,086XX S WOOD ST,0430,BATTERY,AGGRAVATED: OTHER DANG WEAPON,RESIDENCE,false,true,0614,,,,04B,1165894,1847375,,41.736776914,-87.667801916
,G278402,05/12/2001 05:00:00 PM,030XX N CICERO AV,0620,BURGLARY,UNLAWFUL ENTRY,CLEANING STORE,false,false,2521,,,,05,1143878,1919972,,41.936432338,-87.746646047
,G273994,05/12/2001 01:00:00 AM,005XX E 37 ST,0430,BATTERY,AGGRAVATED: OTHER DANG WEAPON,CHA APARTMENT,false,true,0212,,,,04B,1180280,1880518,,41.827407138,-87.614080749
,G277046,05/12/2001 06:00:00 PM,062XX N GLENWOOD AV,0910,MOTOR VEHICLE THEFT,AUTOMOBILE,STREET,false,false,2433,,,,07,1165886,1941426,,41.994861156,-87.665149255
,G279171,05/12/2001 03:30:00 PM,066XX S HALSTED ST,0820,THEFT,$500 AND UNDER,OTHER,false,false,0723,,,,06,1172065,1861078,,41.774246511,-87.644791537
,G276013,05/12/2001 07:30:00 AM,092XX S WALLACE ST,0810,THEFT,OVER $500,RESIDENCE,false,false,2223,,,,06,1173967,1843556,,41.726121943,-87.638338014
,G274693,05/12/2001 10:56:38 PM,031XX W ARTHINGTON ST,1310,CRIMINAL DAMAGE,TO PROPERTY,RESIDENCE,false,false,1134,,,,14,1155389,1895903,,41.870160896,-87.704989491
,G274473,05/12/2001 08:00:00 PM,081XX S ELLIS AV,1310,CRIMINAL DAMAGE,TO PROPERTY,RESIDENCE,false,false,0631,,,,14,1184268,1851256,,41.74701717,-87.60036477
,G273306,05/12/2001 09:00:00 AM,038XX S FEDERAL ST,0460,BATTERY,SIMPLE,CHA HALLWAY/STAIRWELL/ELEVATOR,false,false,0211,,,,08B,1176263,1879420,,41.824485474,-87.628851448
,G273100,05/12/2001 03:30:00 AM,009XX N KARLOV AV,0460,BATTERY,SIMPLE,SIDEWALK,false,true,1111,,,,08B,1148927,1905731,,41.897257368,-87.728459369
,G273351,05/12/2001 03:00:00 AM,023XX W 24 PL,0930,MOTOR VEHICLE THEFT,THEFT/RECOVERY: AUTOMOBILE,STREET,true,false,1034,,,,07,1160914,1887646,,41.847390092,-87.68493439
,G274123,05/12/2001 05:00:00 PM,017XX W JULIAN ST,1310,CRIMINAL DAMAGE,TO PROPERTY,RESIDENCE,false,false,1433,,,,14,1164306,1909830,,41.908193897,-87.67185826
,G277254,05/12/2001 01:15:00 AM,0000X S WABASH AV,0610,BURGLARY,FORCIBLE ENTRY,COMMERCIAL / BUSINESS OFFICE,false,false,0123,,,,05,1176855,1900232,,41.881581708,-87.626050698
,G274761,05/12/2001 11:36:21 PM,025XX W JACKSON BV,0460,BATTERY,SIMPLE,CHA APARTMENT,false,false,1125,,,,08B,1159583,1898573,,41.877402355,-87.68951845
,G276853,05/12/2001 12:30:00 AM,115XX S MICHIGAN AV,1310,CRIMINAL DAMAGE,TO PROPERTY,RESTAURANT,false,false,0532,,,,14,1178850,1828527,,41.684770733,-87.620906747
,G278034,05/12/2001 12:00:00 AM,043XX S CAMPBELL AV,0820,THEFT,$500 AND UNDER,STREET,false,false,0914,,,,06,1160451,1875902,,41.815172796,-87.686957909
,G275952,05/12/2001 04:30:00 PM,035XX S LOWE AV,0460,BATTERY,SIMPLE,RESIDENCE,true,true,0925,,,,08B,1172501,1881514,,41.83031542,-87.642591212
,G275581,05/12/2001 06:00:00 PM,003XX E 51 ST,0320,ROBBERY,STRONGARM - NO WEAPON,RESTAURANT,false,false,0232,,,,03,1179124,1871233,,41.801954806,-87.618605234
,G273074,05/12/2001 02:45:00 AM,035XX W VAN BUREN ST,031A,ROBBERY,ARMED: HANDGUN,SIDEWALK,false,false,1133,,,,03,1153096,1897843,,41.875530216,-87.713356411
,G274640,05/12/2001 10:40:00 PM,051XX W MADISON ST,5011,OTHER OFFENSE,LICENSE VIOLATION,POOL ROOM,true,false,1533,,,,26,1142379,1899504,,41.880293893,-87.752664334
,G273939,05/12/2001 03:00:00 PM,049XX N SHERIDAN RD,0460,BATTERY,SIMPLE,STREET,false,false,2024,,,,08B,1168770,1933443,,41.972893378,-87.654773246
,G277678,05/12/2001 08:45:00 PM,026XX W NORTH AV,0610,BURGLARY,FORCIBLE ENTRY,OTHER,false,false,1423,,,,05,1158771,1910502,,41.910153246,-87.692172592
,G274644,05/12/2001 10:28:46 PM,052XX S FEDERAL ST,1340,CRIMINAL DAMAGE,TO STATE SUP PROP,CHA APARTMENT,false,false,0232,,,,14,1176637,1870101,,41.798904876,-87.627760067
,G274078,05/12/2001 03:45:00 PM,031XX W 26 ST,141C,WEAPONS VIOLATION,UNLAWFUL USE OTHER DANG WEAPON,SMALL RETAIL STORE,false,false,1033,,,,15,1155935,1886529,,41.84442662,-87.703237501
,G273699,05/12/2001 12:30:00 PM,042XX S MARSHFIELD AV,0560,ASSAULT,SIMPLE,STREET,false,true,0914,,,,08A,1166010,1876826,,41.8175918,-87.666540294
,G276859,05/12/2001 03:00:00 AM,111XX S LANGLEY AV,1320,CRIMINAL DAMAGE,TO VEHICLE,STREET,false,false,0531,,,,14,1182868,1831013,,41.691500535,-87.606121237
,G276217,05/12/2001 03:00:00 PM,059XX S CALUMET AV,0820,THEFT,$500 AND UNDER,STREET,false,false,0234,,,,06,1179456,1865747,,41.786893133,-87.617555187
,G275799,05/12/2001 10:30:00 PM,034XX W ADAMS ST,1320,CRIMINAL DAMAGE,TO VEHICLE,STREET,false,false,1123,,,,14,1153470,1898820,,41.878203786,-87.711957248
,G276978,05/12/2001 09:00:00 PM,017XX W 43 ST,0810,THEFT,OVER $500,PARKING LOT/GARAGE(NON.RESID.),false,false,0914,,,,06,1165710,1876228,,41.815957205,-87.667657777
,G276796,05/12/2001 01:00:00 PM,021XX W 22 PL,0820,THEFT,$500 AND UNDER,RESIDENCE,false,true,1034,,,,06,1162157,1889413,,41.852213076,-87.680323256
,G277972,05/12/2001 05:00:00 PM,050XX W HENDERSON ST,0560,ASSAULT,SIMPLE,APARTMENT,false,false,1634,,,,08A,1142118,1921841,,41.941593923,-87.75306783
,G273962,05/12/2001 03:15:00 PM,043XX S STATE ST,0460,BATTERY,SIMPLE,ALLEY,true,false,0221,,,,08B,1176951,1876477,,41.816394124,-87.626416241
,G273634,05/12/2001 12:40:00 PM,055XX S KING DR,1320,CRIMINAL DAMAGE,TO VEHICLE,STREET,false,true,0234,,,,14,1179834,1868146,,41.79346757,-87.616095867
,G276249,05/12/2001 12:30:00 PM,044XX S STATE ST,0420,BATTERY,AGGRAVATED:KNIFE/CUTTING INSTR,CHA HALLWAY/STAIRWELL/ELEVATOR,false,false,0221,,,,04B,1176971,1875717,,41.814308166,-87.626365813
,G273757,05/12/2001 01:00:00 PM,052XX W HARRISON ST,0460,BATTERY,SIMPLE,SIDEWALK,false,false,1522,,,,08B,1141461,1896855,,41.873041693,-87.756100594
,G273996,05/12/2001 04:15:00 PM,031XX W TAYLOR ST,5011,OTHER OFFENSE,LICENSE VIOLATION,STREET,false,false,1134,,,,26,1155464,1895492,,41.869031562,-87.704725191
,G274762,05/12/2001 11:12:47 PM,027XX N NARRAGANSETT AV,1330,CRIMINAL TRESPASS,TO LAND,OTHER,true,false,2512,,,,26,1133322,1917289,,41.929261556,-87.785504176
,G274509,05/12/2001 08:30:00 PM,008XX N KOSTNER AV,0460,BATTERY,SIMPLE,VEHICLE NON-COMMERCIAL,false,true,1111,,,,08B,1146837,1905570,,41.896855744,-87.736139844
,G274062,05/12/2001 04:12:29 PM,116XX S MICHIGAN AV,031A,ROBBERY,ARMED: HANDGUN,OTHER,true,false,0532,,,,03,1178885,1827703,,41.682508761,-87.62080357
,G274083,05/12/2001 04:45:00 PM,009XX S INDEPENDENCE BL,0460,BATTERY,SIMPLE,STREET,true,true,1133,,,,08B,1151439,1895739,,41.869789288,-87.71949557
,G273968,05/12/2001 03:40:00 PM,037XX W DIVISION ST,0460,BATTERY,SIMPLE,CAR WASH,false,false,1112,,,,08B,1150992,1907695,,41.902606577,-87.720823345
,G279235,05/12/2001 10:02:00 AM,010XX N ASHLAND AV,2825,OTHER OFFENSE,HARASSMENT BY TELEPHONE,RESIDENCE,false,false,1322,,,,26,1165502,1906869,,41.900043317,-87.667549199
,G278096,05/12/2001 09:30:00 PM,045XX N CHRISTIANA AV,0560,ASSAULT,SIMPLE,RESIDENCE,false,true,1724,,,,08A,1153189,1930130,,41.964126657,-87.712156266
,G274001,05/12/2001 02:15:00 PM,005XX E 72 ST,1320,CRIMINAL DAMAGE,TO VEHICLE,ALLEY,false,false,0323,,,,14,1180906,1857432,,41.764042708,-87.6124943
,G278181,05/12/2001 02:00:00 PM,045XX W ADDISON ST,1320,CRIMINAL DAMAGE,TO VEHICLE,STREET,false,false,1731,,,,14,1145840,1923592,,41.946328868,-87.739343213
,G274655,05/12/2001 10:42:53 PM,009XX N PULASKI RD,031A,ROBBERY,ARMED: HANDGUN,STREET,false,false,1111,,,,03,1149517,1905746,,41.897287094,-87.726291971
,G274046,05/12/2001 04:30:00 PM,044XX S STATE ST,0420,BATTERY,AGGRAVATED:KNIFE/CUTTING INSTR,SIDEWALK,false,false,0221,,,,04B,1176971,1875717,,41.814308166,-87.626365813
,G274035,05/12/2001 04:17:53 PM,0000X N PULASKI RD,0320,ROBBERY,STRONGARM - NO WEAPON,STREET,false,false,1122,,,,03,1149760,1900001,,41.88151748,-87.725548916
,G274187,05/12/2001 07:50:00 AM,003XX N AVERS AV,0610,BURGLARY,FORCIBLE ENTRY,RESIDENCE-GARAGE,false,false,1122,,,,05,1150618,1901583,,41.885841941,-87.72235699
,G274291,05/12/2001 06:10:00 PM,058XX S STATE ST,0420,BATTERY,AGGRAVATED:KNIFE/CUTTING INSTR,SIDEWALK,true,true,0233,,,,04B,1177229,1866406,,41.788752081,-87.625700624
,G274108,05/12/2001 04:58:23 PM,041XX W LAKE ST,0430,BATTERY,AGGRAVATED: OTHER DANG WEAPON,STREET,false,true,1114,,,,04B,1148375,1901568,,41.885844307,-87.730594215
,G274777,05/12/2001 11:20:00 PM,046XX W AUGUSTA BL,0460,BATTERY,SIMPLE,STREET,false,false,1111,,,,08B,1145397,1906298,,41.89888084,-87.741410344
,G273393,05/12/2001 10:15:00 AM,002XX E 47 ST,0460,BATTERY,SIMPLE,SIDEWALK,false,false,0221,,,,08B,1178809,1873959,,41.809442372,-87.619677444
,G278290,05/12/2001 02:00:00 AM,036XX W SUNNYSIDE AV,1320,CRIMINAL DAMAGE,TO VEHICLE,STREET,false,false,1723,,,,14,1150973,1929612,,41.962749025,-87.720317518
,G277310,05/12/2001 11:00:00 PM,049XX S DREXEL BL,1310,CRIMINAL DAMAGE,TO PROPERTY,RESIDENCE,false,false,2124,,,,14,1183183,1872680,,41.805831906,-87.603674377
,G273568,05/12/2001 11:20:00 AM,007XX S CALIFORNIA AV,5002,OTHER OFFENSE,OTHER VEHICLE OFFENSE,STREET,true,false,1135,,,,26,1157771,1896870,,41.872766261,-87.696218048
,G273823,05/12/2001 02:00:00 PM,039XX W MADISON ST,0820,THEFT,$500 AND UNDER,OTHER,false,false,1122,,,,06,1150353,1899767,,41.880863814,-87.723377532
,G273925,05/12/2001 02:40:00 PM,025XX W 47 ST,1710,OFFENSE INVOLVING CHILDREN,ENDANGERING LIFE/HEALTH CHILD,ALLEY,true,true,0914,,,,26,1160471,1873473,,41.808506907,-87.686951562
,G274542,05/12/2001 09:00:00 PM,058XX S RUSSELL DR,0460,BATTERY,SIMPLE,STREET,false,false,0234,,,,08B,1180124,1866613,,41.789254232,-87.615079435
,G272943,05/12/2001 12:30:00 AM,006XX S CICERO AV,2027,NARCOTICS,POSS: CRACK,ALLEY,true,false,1533,,,,18,1144528,1896803,,41.872841848,-87.744841345
,G275146,05/12/2001 05:30:00 PM,054XX S SEELEY AV,1310,CRIMINAL DAMAGE,TO PROPERTY,RESIDENCE,false,false,0915,,,,14,1163575,1868623,,41.795133288,-87.675702853
,G279508,05/12/2001 04:00:00 PM,0000X E GRAND AV,0810,THEFT,OVER $500,HOTEL/MOTEL,false,false,1834,,,,06,1176386,1903948,,41.891789206,-87.627660621
,G275418,05/12/2001 02:00:00 AM,021XX N STAVE ST,0460,BATTERY,SIMPLE,RESIDENCE,false,true,1431,,,,08B,1158036,1913909,,41.919517366,-87.694779509
,G273787,05/12/2001 02:05:00 PM,042XX W VAN BUREN ST,0460,BATTERY,SIMPLE,STREET,false,true,1132,,,,08B,1148134,1897723,,41.87529783,-87.731578228
,G275808,05/12/2001 06:00:00 PM,006XX W DIVISION ST,0460,BATTERY,SIMPLE,CHA HALLWAY/STAIRWELL/ELEVATOR,false,false,1822,,,,08B,1171471,1908280,,41.903785974,-87.645583514
,G274854,05/12/2001 11:50:00 PM,005XX W 63 ST,4387,OTHER OFFENSE,VIOLATE ORDER OF PROTECTION,RESIDENCE,false,true,0711,,,,26,1173933,1863179,,41.779970648,-87.637881528
,G279764,05/12/2001 01:00:00 PM,012XX W 95 PL,0610,BURGLARY,FORCIBLE ENTRY,RESIDENCE-GARAGE,false,false,2213,,,,05,1169805,1841363,,41.720195227,-87.653647159
,G273481,05/12/2001 11:15:00 AM,012XX N LARRABEE ST,143A,WEAPONS VIOLATION,UNLAWFUL POSS OF HANDGUN,CHA APARTMENT,true,false,1822,,,,15,1172063,1908604,,41.904662004,-87.643399403
,G274674,05/12/2001 10:57:13 PM,056XX W DIVISION ST,0460,BATTERY,SIMPLE,STREET,false,false,2531,,,,08B,1138326,1907470,,41.902227889,-87.767353795
,G273960,05/12/2001 03:39:05 PM,029XX N HARDING AV,051A,ASSAULT,AGGRAVATED: HANDGUN,STREET,false,false,2523,,,,04A,1149495,1919513,,41.935065466,-87.726014709
,G273876,05/12/2001 01:15:00 PM,007XX N MICHIGAN AV,0810,THEFT,OVER $500,DEPARTMENT STORE,true,false,1833,,,,06,1177252,1905575,,41.896234186,-87.624430862
,G274527,05/12/2001 09:05:00 PM,006XX W DIVISION ST,0430,BATTERY,AGGRAVATED: OTHER DANG WEAPON,CHA HALLWAY/STAIRWELL/ELEVATOR,true,false,1822,,,,04B,1171471,1908280,,41.903785974,-87.645583514
,G274028,05/12/2001 04:27:38 PM,029XX N MILWAUKEE AV,0460,BATTERY,SIMPLE,STREET,false,false,2523,,,,08B,1151832,1919520,,41.935038924,-87.717425914
,G273661,05/12/2001 12:59:11 PM,015XX N CENTRAL AV,0520,ASSAULT,AGGRAVATED:KNIFE/CUTTING INSTR,ALLEY,true,false,2531,,,,04A,1138672,1909739,,41.908448023,-87.766027747
,G274126,05/12/2001 05:03:38 PM,064XX W DIVERSEY AV,0560,ASSAULT,SIMPLE,SMALL RETAIL STORE,false,false,2512,,,,08A,1132769,1917865,,41.930851845,-87.787522848
,G274129,05/12/2001 05:00:00 PM,012XX N PARKSIDE AV,2820,OTHER OFFENSE,TELEPHONE THREAT,RESIDENCE,false,false,2531,,,,26,1138407,1907772,,41.903055146,-87.767048942
,G274319,05/12/2001 06:30:00 PM,036XX W SCHUBERT AV,0560,ASSAULT,SIMPLE,RESIDENCE,false,false,2524,,,,08A,1151860,1917758,,41.9302033,-87.717369535
,G274003,05/12/2001 03:48:16 PM,013XX N PARKSIDE AV,0460,BATTERY,SIMPLE,RESIDENCE,false,true,2531,,,,08B,1138378,1908635,,41.905423847,-87.767134544
,G274049,05/12/2001 04:44:25 PM,050XX W NORTH AV,0460,BATTERY,SIMPLE,ALLEY,false,true,2533,,,,08B,1142549,1910127,,41.909441492,-87.75177571
,G273317,05/12/2001 09:34:13 AM,019XX N LOWELL AV,0460,BATTERY,SIMPLE,RESIDENCE,true,false,2534,,,,08B,1147038,1912651,,41.916282898,-87.735220253
,G274196,05/12/2001 06:02:31 PM,042XX W POTOMAC AV,1320,CRIMINAL DAMAGE,TO VEHICLE,STREET,false,false,2534,,,,14,1147943,1908282,,41.904276558,-87.732007825
,G280804,05/12/2001 10:00:00 AM,001XX N HOYNE AV,0810,THEFT,OVER $500,RESIDENCE,false,false,1332,,,,06,1162352,1900778,,41.883395618,-87.679289741
,G280662,05/12/2001 04:45:00 AM,039XX N CLARENDON AV,0820,THEFT,$500 AND UNDER,PARKING LOT/GARAGE(NON.RESID.),false,false,2323,,,,06,1170253,1926395,,41.953521092,-87.649526815
,G277039,05/12/2001 08:30:00 AM,013XX W RANDOLPH ST,0620,BURGLARY,UNLAWFUL ENTRY,COMMERCIAL / BUSINESS OFFICE,false,false,1212,,,,05,1167767,1901074,,41.884092896,-87.65939702
,G275328,05/12/2001 08:00:00 PM,084XX S KINGSTON AV,1320,CRIMINAL DAMAGE,TO VEHICLE,STREET,false,false,0423,,,,14,1194681,1849183,,41.741078945,-87.562277506
,G277673,05/12/2001 10:30:00 AM,008XX W LAKE ST,0935,MOTOR VEHICLE THEFT,"THEFT/RECOVERY: TRUCK,BUS,MHOME",PARKING LOT/GARAGE(NON.RESID.),false,false,1212,,,,07,1170555,1901698,,41.885744656,-87.649140974
,G273992,05/12/2001 02:26:30 PM,002XX N WESTERN AV,143A,WEAPONS VIOLATION,UNLAWFUL POSS OF HANDGUN,GAS STATION,true,false,1332,,,,15,1160410,1901498,,41.885411754,-87.686400971
,G273530,05/12/2001 11:47:00 AM,035XX S FEDERAL ST,0460,BATTERY,SIMPLE,CHA PARKING LOT/GROUNDS,false,false,0211,,,,08B,1176246,1881571,,41.83038838,-87.628849105
,G272978,05/12/2001 01:01:00 AM,010XX N HERMITAGE AV,041A,BATTERY,AGGRAVATED: HANDGUN,STREET,false,false,1322,,,,04B,1164506,1906741,,41.899713228,-87.671211149
,G273808,05/12/2001 02:20:00 PM,049XX S FEDERAL ST,0560,ASSAULT,SIMPLE,CHA HALLWAY/STAIRWELL/ELEVATOR,true,true,0231,,,,08A,1176576,1872029,,41.804196865,-87.627925741
,G277533,05/12/2001 06:00:00 PM,016XX E 82 ST,5002,OTHER OFFENSE,OTHER VEHICLE OFFENSE,VEHICLE NON-COMMERCIAL,false,true,0411,,,,26,1188462,1850973,,41.746141527,-87.585006071
,G900005,05/12/2001 12:00:00 PM,008XX W ALDINE AV,0560,ASSAULT,SIMPLE,RESIDENCE,false,false,2332,,,,08A,1169738,1922070,,41.941664384,-87.65154646
,G274021,05/12/2001 03:00:00 PM,035XX S INDIANA AV,0820,THEFT,$500 AND UNDER,RESTAURANT,false,false,0211,,,,06,1178136,1881784,,41.830930128,-87.621908235
,G274881,05/12/2001 03:00:00 PM,014XX E 67 PL,0620,BURGLARY,UNLAWFUL ENTRY,RESIDENCE,false,false,0332,,,,05,1187005,1861567,,41.775247082,-87.590009328
,G277153,05/12/2001 09:00:00 PM,002XX W 79 ST,0820,THEFT,$500 AND UNDER,RESTAURANT,false,false,0623,,,,06,1176290,1852631,,41.750973107,-87.629556874
,G280598,05/12/2001 12:00:00 AM,056XX S RICHMOND ST,1310,CRIMINAL DAMAGE,TO PROPERTY,APARTMENT,false,false,0824,,,,14,1157706,1867333,,41.791714539,-87.697259672
,G273574,05/12/2001 11:45:00 AM,039XX W MADISON ST,5011,OTHER OFFENSE,LICENSE VIOLATION,SMALL RETAIL STORE,false,false,1122,,,,26,1149760,1899753,,41.880836941,-87.725555365
,G273171,05/12/2001 05:00:00 AM,012XX N MILWAUKEE AV,0820,THEFT,$500 AND UNDER,CTA TRAIN,false,false,1424,,,,06,1165742,1908060,,41.903306389,-87.666633679
,G279340,05/12/2001 10:00:00 PM,045XX W ADAMS ST,0820,THEFT,$500 AND UNDER,STREET,false,false,1113,,,,06,1146284,1898671,,41.877934646,-87.738346639
,G276964,05/12/2001 05:00:00 AM,114XX S HALSTED ST,031A,ROBBERY,ARMED: HANDGUN,STREET,false,false,2234,,,,03,1172996,1828892,,41.685903197,-87.642325879
,G272955,05/12/2001 12:53:00 AM,012XX N KEDZIE AV,0820,THEFT,$500 AND UNDER,TAXICAB,false,false,1422,,,,06,1154754,1908355,,41.904343138,-87.706987103
,G279477,05/12/2001 03:30:00 PM,103XX S WESTERN AV,0820,THEFT,$500 AND UNDER,GAS STATION,false,false,2211,,,,06,1162168,1836213,,41.706224813,-87.681762381
,G273144,05/12/2001 04:29:00 AM,016XX W CORTLAND ST,0630,BURGLARY,ATTEMPT FORCIBLE ENTRY,RESTAURANT,false,false,1433,,,,05,1164777,1912666,,41.915966089,-87.670047485
,G280203,05/12/2001 06:00:00 PM,042XX N CENTRAL AV,1150,DECEPTIVE PRACTICE,CREDIT CARD FRAUD,RESTAURANT,false,false,1624,,,,11,1138202,1927844,,41.958138584,-87.767315228
,G279644,05/12/2001 08:00:00 PM,012XX W PRATT BL,1310,CRIMINAL DAMAGE,TO PROPERTY,SIDEWALK,false,false,2431,,,,14,1166487,1945351,,42.005618545,-87.66282544
,G273041,05/12/2001 02:05:29 AM,029XX S STATE ST,2024,NARCOTICS,POSS: HEROIN(WHITE),CHA PARKING LOT/GROUNDS,true,false,2113,,,,18,1176721,1885339,,41.840717365,-87.626992649
,G273949,05/12/2001 02:40:00 PM,031XX W DOUGLAS BL,1811,NARCOTICS,POSS: CANNABIS 30GMS OR LESS,SIDEWALK,true,false,1022,,,,18,1155638,1893082,,41.862414766,-87.704151237
,G275823,05/12/2001 11:30:00 PM,014XX N LEAVITT ST,1320,CRIMINAL DAMAGE,TO VEHICLE,STREET,false,false,1424,,,,14,1161429,1909701,,41.907900306,-87.682430481
,G274720,05/12/2001 10:30:00 PM,022XX S SPRINGFIELD AV,1822,NARCOTICS,MANU/DEL:CANNABIS OVER 10 GMS,SIDEWALK,true,false,1013,,,,18,1150778,1888743,,41.850604378,-87.722105164
,G274065,05/12/2001 04:53:39 PM,047XX S WESTERN AV,1811,NARCOTICS,POSS: CANNABIS 30GMS OR LESS,STREET,true,false,0911,,,,18,1161270,1873428,,41.808366894,-87.684022244
,G274073,05/12/2001 04:19:10 PM,0000X S KILDARE AV,2024,NARCOTICS,POSS: HEROIN(WHITE),VACANT LOT/LAND,true,false,1115,,,,18,1147776,1899359,,41.879794084,-87.732850649
,G280467,05/12/2001 10:00:00 PM,062XX N LINCOLN AV,0820,THEFT,$500 AND UNDER,DEPARTMENT STORE,false,false,1711,,,,06,1152513,1941309,,41.994815901,-87.714344716
,G274076,05/12/2001 04:39:58 PM,106XX S VINCENNES AV,2027,NARCOTICS,POSS: CRACK,STREET,true,false,2212,,,,18,1168516,1834103,,41.70030048,-87.658576813
,G274098,05/12/2001 04:25:16 PM,063XX S VERNON AV,1812,NARCOTICS,POSS: CANNABIS MORE THAN 30GMS,STREET,true,false,0312,,,,18,1180297,1863200,,41.779884668,-87.614549721
,G273107,05/12/2001 03:24:19 AM,045XX S LAMON AV,2027,NARCOTICS,POSS: CRACK,STREET,true,false,0814,,,,18,1144408,1874320,,41.811147619,-87.74584656
,G281762,05/12/2001 11:45:00 PM,010XX W 129 PL,2820,OTHER OFFENSE,TELEPHONE THREAT,RESIDENCE,false,false,0523,,,,26,1172015,1818904,,41.658515988,-87.646208671
,G274134,05/12/2001 05:16:25 PM,064XX N FAIRFIELD AV,1811,NARCOTICS,POSS: CANNABIS 30GMS OR LESS,SIDEWALK,true,false,2412,,,,18,1156870,1942382,,41.997672716,-87.6982883
,G273491,05/12/2001 09:30:00 AM,070XX S BISHOP ST,0930,MOTOR VEHICLE THEFT,THEFT/RECOVERY: AUTOMOBILE,STREET,true,false,0734,,,,07,1167917,1858293,,41.76669424,-87.660077265
,G274059,05/12/2001 04:40:00 PM,087XX S PEORIA ST,1811,NARCOTICS,POSS: CANNABIS 30GMS OR LESS,STREET,true,false,2222,,,,18,1171783,1847121,,41.735952909,-87.646233916
,G274183,05/12/2001 05:57:03 PM,028XX S HOMAN AV,1811,NARCOTICS,POSS: CANNABIS 30GMS OR LESS,VEHICLE NON-COMMERCIAL,true,false,1032,,,,18,1154114,1885159,,41.840703641,-87.709956805
,G273644,05/12/2001 12:15:00 PM,016XX S DRAKE AV,1812,NARCOTICS,POSS: CANNABIS MORE THAN 30GMS,STREET,true,false,1021,,,,18,1152933,1891573,,41.858327866,-87.714120943
,G274197,05/12/2001 04:12:16 PM,047XX W ERIE ST,2027,NARCOTICS,POSS: CRACK,SIDEWALK,true,false,1111,,,,18,1144584,1903850,,41.892178604,-87.744458205
,G273027,05/12/2001 02:00:00 AM,003XX E 57 ST,143A,WEAPONS VIOLATION,UNLAWFUL POSS OF HANDGUN,OTHER,true,false,0234,,,,15,1179589,1867261,,41.791044653,-87.617021292
,G273740,05/12/2001 11:00:00 AM,022XX S MILLARD AV,2017,NARCOTICS,MANU/DELIVER:CRACK,SIDEWALK,true,false,1013,,,,18,1152344,1888941,,41.851116982,-87.71635238
,G278261,05/12/2001 09:00:00 AM,049XX S SEELEY AV,0910,MOTOR VEHICLE THEFT,AUTOMOBILE,STREET,false,false,0915,,,,07,1163487,1871797,,41.803844983,-87.675936536
,G274250,05/12/2001 06:33:06 PM,074XX S EVANS AV,2024,NARCOTICS,POSS: HEROIN(WHITE),STREET,true,false,0323,,,,18,1182562,1855481,,41.758650724,-87.606485152
,G281553,05/12/2001 08:00:00 PM,003XX N CLINTON ST,0820,THEFT,$500 AND UNDER,STREET,false,false,1212,,,,06,1172628,1902432,,41.887713192,-87.641506826
,G273547,05/12/2001 11:25:00 AM,039XX W MADISON ST,5011,OTHER OFFENSE,LICENSE VIOLATION,OTHER,false,false,1122,,,,26,1150353,1899767,,41.880863814,-87.723377532
,G274481,05/12/2001 08:30:00 PM,088XX S ELIZABETH ST,2027,NARCOTICS,POSS: CRACK,STREET,true,false,2222,,,,18,1169572,1846395,,41.734008815,-87.654355199
,G279693,05/12/2001 05:00:00 PM,001XX W MAPLE ST,1320,CRIMINAL DAMAGE,TO VEHICLE,PARKING LOT/GARAGE(NON.RESID.),false,false,1824,,,,14,1175202,1907559,,41.901724616,-87.631900452
,G272973,05/12/2001 01:00:00 AM,052XX S KENNETH AV,0810,THEFT,OVER $500,VEHICLE NON-COMMERCIAL,false,false,0815,,,,06,1147552,1869196,,41.797027026,-87.734445392
,G272893,05/12/2001 12:05:00 AM,040XX W GRAND AV,2027,NARCOTICS,POSS: CRACK,SIDEWALK,true,false,2534,,,,18,1149172,1909172,,41.906695078,-87.727470252
,G272927,05/12/2001 12:45:00 AM,037XX W ARMITAGE AV,2027,NARCOTICS,POSS: CRACK,SIDEWALK,true,false,2535,,,,18,1150999,1912987,,41.917128188,-87.720658785
,G273495,05/12/2001 11:00:00 AM,048XX W ARTHINGTON ST,2027,NARCOTICS,POSS: CRACK,STREET,true,false,1533,,,,18,1144245,1895487,,41.869235898,-87.745913447
,G273101,05/12/2001 03:30:00 AM,037XX W GRAND AV,1811,NARCOTICS,POSS: CANNABIS 30GMS OR LESS,STREET,true,false,2535,,,,18,1151271,1908078,,41.903652096,-87.719788461
,G274025,05/12/2001 04:10:00 PM,001XX W 106 PL,1811,NARCOTICS,POSS: CANNABIS 30GMS OR LESS,STREET,true,false,0512,,,,18,1177032,1834288,,41.700620826,-87.62738908
,G273558,05/12/2001 12:10:00 PM,012XX N KEELER AV,2027,NARCOTICS,POSS: CRACK,STREET,true,false,2534,,,,18,1148105,1908219,,41.904100562,-87.731414374
,G274753,05/12/2001 11:20:00 PM,058XX W CORCORAN PL,2027,NARCOTICS,POSS: CRACK,STREET,true,false,1512,,,,18,1137119,1901924,,41.887030728,-87.771920654
,G274548,05/12/2001 09:05:00 PM,048XX N SHERIDAN RD,2024,NARCOTICS,POSS: HEROIN(WHITE),PARKING LOT/GARAGE(NON.RESID.),true,false,2024,,,,18,1168724,1932183,,41.969436901,-87.654979083
,G273983,05/12/2001 03:30:00 PM,039XX W POTOMAC AV,1811,NARCOTICS,POSS: CANNABIS 30GMS OR LESS,STREET,true,false,2535,,,,18,1149953,1908320,,41.904341933,-87.724623508
,G273237,05/12/2001 07:45:00 AM,001XX S LOTUS AV,2024,NARCOTICS,POSS: HEROIN(WHITE),RESIDENCE,true,false,1522,,,,18,1139944,1898883,,41.87863465,-87.761620708
,G274290,05/12/2001 06:30:00 PM,048XX N WINTHROP AV,1506,PROSTITUTION,SOLICIT ON PUBLIC WAY,STREET,true,false,2024,,,,16,1168043,1932203,,41.96950655,-87.657482531
,G274233,05/12/2001 05:45:00 PM,060XX S RHODES AV,1811,NARCOTICS,POSS: CANNABIS 30GMS OR LESS,STREET,true,false,0313,,,,18,1180996,1865110,,41.785109826,-87.611928367
,G274683,05/12/2001 11:30:00 PM,005XX E 62 ST,1811,NARCOTICS,POSS: CANNABIS 30GMS OR LESS,STREET,true,false,0313,,,,18,1180729,1863973,,41.781995934,-87.612942222
,G273118,05/12/2001 03:36:00 AM,028XX N MELVINA AV,2027,NARCOTICS,POSS: CRACK,STREET,true,false,2511,,,,18,1134619,1918300,,41.932013016,-87.780714059
,G273544,05/12/2001 12:09:43 PM,039XX W MADISON ST,5011,OTHER OFFENSE,LICENSE VIOLATION,SMALL RETAIL STORE,false,false,1122,,,,26,1150353,1899767,,41.880863814,-87.723377532
,G274478,05/12/2001 08:15:00 PM,024XX E 75 ST,1811,NARCOTICS,POSS: CANNABIS 30GMS OR LESS,STREET,true,false,0334,,,,18,1193520,1855739,,41.759097612,-87.566317111
,G274234,05/12/2001 06:05:00 PM,007XX W DIVISION ST,0460,BATTERY,SIMPLE,CHA APARTMENT,false,true,1822,,,,08B,1171199,1908272,,41.903770001,-87.646582863
,G274256,05/12/2001 06:10:00 PM,064XX S KING DR,1661,GAMBLING,GAME/DICE,RESIDENCE PORCH/HALLWAY,true,false,0312,,,,19,1179983,1862548,,41.778102712,-87.615720826
,G282372,05/12/2001 08:30:00 AM,012XX W LUNT AV,2825,OTHER OFFENSE,HARASSMENT BY TELEPHONE,RESIDENCE,false,false,2431,,,,26,1166269,1946600,,42.009050504,-87.66359153
,G282393,05/12/2001 03:00:00 PM,078XX S CHAPPEL AV,1310,CRIMINAL DAMAGE,TO PROPERTY,RESIDENCE,false,false,0414,,,,14,1191263,1853624,,41.753348799,-87.57465712
,G282469,05/12/2001 03:00:00 PM,051XX S PULASKI RD,0820,THEFT,$500 AND UNDER,SMALL RETAIL STORE,false,false,0822,,,,06,1150609,1870240,,41.799832927,-87.723207693
,G282846,05/12/2001 04:00:00 PM,008XX N STATE ST,0820,THEFT,$500 AND UNDER,SMALL RETAIL STORE,false,false,1833,,,,06,1176247,1906320,,41.89830123,-87.628099496
,G282988,05/12/2001 12:00:00 PM,067XX W RAVEN ST,0810,THEFT,OVER $500,RESIDENCE,false,false,1611,,,,06,1130237,1940591,,41.993258249,-87.796304192
,G282932,05/12/2001 05:25:00 PM,042XX N LAMON AV,0810,THEFT,OVER $500,APARTMENT,false,false,1624,,,,06,1142903,1927915,,41.958246907,-87.750030663
,G280457,05/12/2001 04:00:00 PM,015XX W FULTON ST,0530,ASSAULT,AGGRAVATED: OTHER DANG WEAPON,STREET,false,true,1333,,,,04A,1166082,1901988,,41.886637127,-87.665558384
,G276621,05/12/2001 05:15:00 PM,025XX N NARRAGANSETT AV,0320,ROBBERY,STRONGARM - NO WEAPON,PARKING LOT/GARAGE(NON.RESID.),false,false,2512,,,,03,1133271,1916392,,41.926800977,-87.785712641
,G282936,05/12/2001 08:00:00 AM,067XX N CLARK ST,0820,THEFT,$500 AND UNDER,STREET,false,false,2432,,,,06,1163826,1944569,,42.003529488,-87.672637674
,G274570,05/12/2001 09:46:23 PM,007XX N WOLCOTT AV,1360,CRIMINAL TRESPASS,TO VEHICLE,STREET,true,false,1324,,,,26,1163632,1905324,,41.895843338,-87.674461319
,G281620,05/12/2001 02:00:00 AM,052XX W NORTH AV,0610,BURGLARY,FORCIBLE ENTRY,OTHER,false,false,2532,,,,05,1141362,1910179,,41.909606187,-87.756135001
,G274372,05/12/2001 07:13:13 PM,018XX N SEDGWICK ST,2230,LIQUOR LAW VIOLATION,ILLEGAL CONSUMPTION BY MINOR,PARK PROPERTY,true,false,1813,,,,22,1173263,1912531,,41.915411317,-87.638874705
,G275021,05/12/2001 10:30:00 PM,006XX W HARRISON ST,0261,CRIM SEXUAL ASSAULT,AGGRAVATED: HANDGUN,CHA HALLWAY/STAIRWELL/ELEVATOR,false,false,0131,,,,02,1172038,1897598,,41.874461408,-87.6438161
,G273143,05/12/2001 04:40:00 AM,010XX E 47 ST,1360,CRIMINAL TRESPASS,TO VEHICLE,STREET,false,false,2123,,,,26,1183989,1874099,,41.809706935,-87.600673946
,G274664,05/12/2001 10:25:09 PM,010XX E 93 ST,1811,NARCOTICS,POSS: CANNABIS 30GMS OR LESS,SIDEWALK,true,false,0413,,,,18,1184901,1843569,,41.725908389,-87.598285884
,G274682,05/12/2001 10:15:00 PM,060XX S MARSHFIELD AV,3730,INTERFERENCE WITH PUBLIC OFFICER,OBSTRUCTING JUSTICE,STREET,true,false,0714,,,,24,1166345,1864289,,41.783181662,-87.665668637
,G274251,05/12/2001 05:50:00 PM,007XX N LOCKWOOD AV,2091,NARCOTICS,FORFEIT PROPERTY,SIDEWALK,true,false,1524,,,,26,1140935,1904276,,41.89341554,-87.757849108
,G282876,05/12/2001 06:00:00 PM,014XX N WASHTENAW AV,0810,THEFT,OVER $500,APARTMENT,false,false,1423,,,,06,1158189,1909545,,41.907539079,-87.694336823
,G282571,05/12/2001 09:00:00 AM,026XX W BRADLEY PL,1121,DECEPTIVE PRACTICE,COUNTERFEITING DOCUMENT,OTHER,false,false,1912,,,,10,1157943,1924851,,41.949544869,-87.694821788
,G272938,05/12/2001 12:04:43 AM,008XX W 71 ST,2027,NARCOTICS,POSS: CRACK,STREET,true,false,0733,,,,18,1171847,1857733,,41.765072214,-87.645688721
,G273392,05/12/2001 08:30:00 AM,008XX N SEDGWICK ST,0610,BURGLARY,FORCIBLE ENTRY,CHA APARTMENT,false,false,1823,,,,05,1173307,1906333,,41.898402712,-87.6388974
,G274180,05/12/2001 05:45:00 PM,050XX W DIVISION ST,2024,NARCOTICS,POSS: HEROIN(WHITE),ALLEY,true,false,1531,,,,18,1142495,1907480,,41.902178832,-87.75203998
,G274483,05/12/2001 08:15:00 PM,0000X N LONG AV,2014,NARCOTICS,MANU/DELIVER: HEROIN (WHITE),RESIDENCE PORCH/HALLWAY,true,false,1522,,,,18,1140297,1899847,,41.88127353,-87.760300911
,G282578,05/12/2001 02:15:00 PM,091XX S MARSHFIELD AV,0460,BATTERY,SIMPLE,RESIDENCE,false,true,2221,,,,08B,1166901,1844210,,41.728070253,-87.664202724
,G272889,05/12/2001 12:00:38 AM,009XX E 84 ST,0610,BURGLARY,FORCIBLE ENTRY,RESIDENCE,false,false,0632,,,,05,1183884,1849525,,41.742276089,-87.601825752
,G273681,05/12/2001 11:20:00 AM,007XX S CALIFORNIA AV,2021,NARCOTICS,POSS: BARBITUATES,STREET,true,false,1135,,,,18,1157771,1896870,,41.872766261,-87.696218048
,G272969,05/12/2001 12:30:00 AM,023XX S DRAKE AV,2230,LIQUOR LAW VIOLATION,ILLEGAL CONSUMPTION BY MINOR,SIDEWALK,true,false,1024,,,,22,1153028,1888310,,41.84937193,-87.713858639
,G280539,05/12/2001 07:50:00 PM,021XX W PIERCE AV,0930,MOTOR VEHICLE THEFT,THEFT/RECOVERY: AUTOMOBILE,STREET,false,false,1424,,,,07,1161840,1910176,,41.909195173,-87.680907412
,G272974,05/12/2001 12:45:37 AM,004XX E WACKER DR,1811,NARCOTICS,POSS: CANNABIS 30GMS OR LESS,STREET,true,false,0124,,,,18,1179166,1902497,,41.887744402,-87.61749552
,G273063,05/12/2001 02:21:16 AM,103XX S SAWYER AV,2240,LIQUOR LAW VIOLATION,MINOR MISREPRESENT AGE,TAVERN/LIQUOR STORE,true,false,2211,,,,22,1156532,1836119,,41.706082028,-87.702403826
,G281732,05/12/2001 06:00:00 PM,047XX S HERMITAGE AV,1791,OFFENSE INVOLVING CHILDREN,HARBOR RUNAWAY,VEHICLE NON-COMMERCIAL,true,true,0931,,,,20,1165442,1873107,,41.807398519,-87.668729393
,G273112,05/12/2001 04:26:35 AM,008XX N TRUMBULL AV,2027,NARCOTICS,POSS: CRACK,SIDEWALK,true,false,1121,,,,18,1153273,1905153,,41.89558609,-87.71251236
,G273115,05/12/2001 04:00:13 AM,087XX S ESCANABA AV,2027,NARCOTICS,POSS: CRACK,SIDEWALK,true,false,0423,,,,18,1196955,1847212,,41.735614151,-87.554011308
,G281919,05/12/2001 12:01:00 AM,041XX W CULLOM AV,0610,BURGLARY,FORCIBLE ENTRY,RESIDENCE,true,false,1722,,,,05,1147765,1928210,,41.958964204,-87.73214839
,G273119,05/12/2001 04:08:07 AM,048XX W HADDON AV,1506,PROSTITUTION,SOLICIT ON PUBLIC WAY,STREET,true,false,1531,,,,16,1144122,1907179,,41.901322446,-87.746071268
,G273127,05/12/2001 03:36:50 AM,027XX W MAYPOLE AV,1506,PROSTITUTION,SOLICIT ON PUBLIC WAY,STREET,true,false,1331,,,,16,1158092,1900803,,41.883552247,-87.694932098
,G273423,05/12/2001 10:45:00 AM,008XX N LOCKWOOD AV,2024,NARCOTICS,POSS: HEROIN(WHITE),STREET,true,false,1524,,,,18,1140819,1905451,,41.896642015,-87.758246216
,G273291,05/12/2001 08:45:00 AM,0000X E LAKE ST,0460,BATTERY,SIMPLE,DEPARTMENT STORE,false,false,0122,,,,08B,1176879,1901703,,41.885617669,-87.625918047
,G274380,05/12/2001 06:30:00 PM,001XX N STATE ST,0820,THEFT,$500 AND UNDER,DEPARTMENT STORE,true,false,0122,,,,06,1176391,1900935,,41.88352126,-87.627733247
,G273042,05/12/2001 02:14:43 AM,063XX S EVANS AV,0460,BATTERY,SIMPLE,RESIDENCE,false,false,0312,,,,08B,1182350,1863081,,41.779510783,-87.6070269
,G274265,05/12/2001 04:57:21 PM,057XX S PAULINA ST,2024,NARCOTICS,POSS: HEROIN(WHITE),STREET,true,false,0715,,,,18,1165949,1866661,,41.789699155,-87.667053114
,G273148,05/12/2001 05:14:15 AM,055XX S INDIANA AV,2027,NARCOTICS,POSS: CRACK,STREET,true,false,0233,,,,18,1178504,1868249,,41.793780558,-87.620969693
,G273937,05/12/2001 03:42:41 PM,044XX S STATE ST,2027,NARCOTICS,POSS: CRACK,CHA PARKING LOT/GROUNDS,true,false,0221,,,,18,1176971,1875717,,41.814308166,-87.626365813
,G274471,05/12/2001 08:17:13 PM,015XX S LOOMIS ST,2027,NARCOTICS,POSS: CRACK,SIDEWALK,true,false,1222,,,,18,1167241,1892835,,41.861495737,-87.66156532
,G273138,05/12/2001 04:52:37 AM,022XX E 93 ST,2017,NARCOTICS,MANU/DELIVER:CRACK,VEHICLE NON-COMMERCIAL,true,false,0413,,,,18,1192479,1843773,,41.726287264,-87.570521002
,G274552,05/12/2001 09:34:47 PM,027XX W OGDEN AV,2027,NARCOTICS,POSS: CRACK,CHA PARKING LOT/GROUNDS,true,false,1023,,,,18,1158452,1892995,,41.862118973,-87.693823763
,G273193,05/12/2001 06:55:17 AM,050XX W IOWA ST,2027,NARCOTICS,POSS: CRACK,STREET,true,false,1531,,,,18,1142717,1905556,,41.896895025,-87.751272479
,G274427,05/12/2001 08:15:48 PM,024XX W 63 ST,1811,NARCOTICS,POSS: CANNABIS 30GMS OR LESS,STREET,true,false,0825,,,,18,1160826,1862845,,41.779334943,-87.68594305
,G274554,05/12/2001 09:35:26 PM,024XX W 63 ST,1811,NARCOTICS,POSS: CANNABIS 30GMS OR LESS,STREET,true,false,0825,,,,18,1160853,1862765,,41.779114854,-87.685846273
,G274629,05/12/2001 10:40:04 PM,024XX W LAWRENCE AV,1513,PROSTITUTION,SOLICIT FOR BUSINESS,STREET,true,false,1911,,,,16,1159032,1931762,,41.968486702,-87.690628231
,G274657,05/12/2001 09:51:22 PM,013XX W HASTINGS ST,2093,NARCOTICS,FOUND SUSPECT NARCOTICS,CHA PARKING LOT/GROUNDS,true,false,1231,,,,26,1167737,1893892,,41.86438557,-87.659714159
,G274337,05/12/2001 06:54:55 PM,045XX S WESTERN AV,2027,NARCOTICS,POSS: CRACK,STREET,true,false,0914,,,,18,1161236,1874765,,41.812036491,-87.684109903
,G274686,05/12/2001 11:14:41 PM,024XX W LAWRENCE AV,1513,PROSTITUTION,SOLICIT FOR BUSINESS,STREET,true,false,1911,,,,16,1159052,1931763,,41.968489034,-87.690554664
,G274409,05/12/2001 08:03:42 PM,008XX N LAWLER AV,2027,NARCOTICS,POSS: CRACK,ALLEY,true,false,1531,,,,18,1142487,1905457,,41.896627636,-87.752119707
,G274743,05/12/2001 11:57:25 PM,024XX W LAWRENCE AV,1513,PROSTITUTION,SOLICIT FOR BUSINESS,STREET,true,false,1911,,,,16,1159052,1931763,,41.968489034,-87.690554664
,G273768,05/12/2001 01:59:02 PM,007XX W 50 PL,1811,NARCOTICS,POSS: CANNABIS 30GMS OR LESS,STREET,true,false,0935,,,,18,1172371,1871346,,41.80241631,-87.643367733
,G273875,05/12/2001 12:30:00 PM,107XX S PERRY AV,2093,NARCOTICS,FOUND SUSPECT NARCOTICS,OTHER,true,false,0513,,,,26,1177463,1833747,,41.69912654,-87.625827199
,G274662,05/12/2001 11:02:17 PM,060XX S ASHLAND AV,1506,PROSTITUTION,SOLICIT ON PUBLIC WAY,STREET,true,false,0714,,,,16,1166671,1864441,,41.783591816,-87.664469078
,G273389,05/12/2001 10:21:08 AM,046XX N KENMORE AV,1811,NARCOTICS,POSS: CANNABIS 30GMS OR LESS,SIDEWALK,true,false,2312,,,,18,1168441,1931062,,41.966366985,-87.656052254
,G273721,05/12/2001 01:43:42 PM,045XX N LAKE SHORE DR,1811,NARCOTICS,POSS: CANNABIS 30GMS OR LESS,PARK PROPERTY,true,false,2313,,,,18,1170625,1930209,,41.963978675,-87.648047195
,G273916,05/12/2001 03:11:30 PM,046XX N BROADWAY,1811,NARCOTICS,POSS: CANNABIS 30GMS OR LESS,SIDEWALK,true,false,2311,,,,18,1167774,1931197,,41.966751872,-87.658500778
,G274549,05/12/2001 08:40:28 PM,035XX S STATE ST,1811,NARCOTICS,POSS: CANNABIS 30GMS OR LESS,STREET,true,false,0211,,,,18,1176841,1881271,,41.829551746,-87.626675106
,G273373,05/12/2001 08:59:53 AM,053XX W FERDINAND ST,2024,NARCOTICS,POSS: HEROIN(WHITE),STREET,true,false,1523,,,,18,1140917,1902597,,41.88880849,-87.757956566
,G281670,05/12/2001 12:00:00 PM,036XX S FEDERAL ST,0460,BATTERY,SIMPLE,GOVERNMENT BUILDING/PROPERTY,false,false,0211,,,,08B,1176249,1880526,,41.827520746,-87.628869539
,G282295,05/12/2001 08:00:00 PM,007XX W WAVELAND AV,0820,THEFT,$500 AND UNDER,STREET,false,false,2323,,,,06,1170979,1924949,,41.949537292,-87.646900566
,G273256,05/12/2001 08:47:09 AM,078XX S COTTAGE GROVE,0460,BATTERY,SIMPLE,STREET,false,false,0624,,,,08B,1182972,1852855,,41.751435192,-87.605064015
,G274477,05/12/2001 08:00:00 PM,008XX S KOLMAR AV,2027,NARCOTICS,POSS: CRACK,STREET,true,false,1131,,,,18,1146107,1895716,,41.869829134,-87.739071667
,G275818,05/12/2001 02:00:00 AM,054XX N WINTHROP AV,0810,THEFT,OVER $500,RESIDENCE-GARAGE,false,false,2023,,,,06,1167927,1936289,,41.980721164,-87.657790583
,G272917,05/12/2001 12:05:00 AM,084XX S MUSKEGON AV,2092,NARCOTICS,SOLICIT NARCOTICS ON PUBLICWAY,SIDEWALK,true,false,0423,,,,26,1196577,1849748,,41.742582522,-87.555312131
,G274585,05/12/2001 09:30:00 PM,029XX S DEARBORN ST,2024,NARCOTICS,POSS: HEROIN(WHITE),CHA HALLWAY/STAIRWELL/ELEVATOR,true,false,2113,,,,18,1176498,1885030,,41.839874474,-87.627820281
,G283477,05/12/2001 06:50:00 AM,030XX S CALIFORNIA AV,0460,BATTERY,SIMPLE,PARKING LOT/GARAGE(NON.RESID.),false,false,1033,,,,08B,1158140,1884336,,41.838364101,-87.695205274
,G279630,05/12/2001 11:00:00 PM,006XX S STATE ST,0810,THEFT,OVER $500,"SCHOOL, PUBLIC, BUILDING",false,false,0132,,,,06,1176412,1897618,,41.874418746,-87.627756269
,G273841,05/12/2001 02:30:00 PM,004XX S KILBOURN AV,2027,NARCOTICS,POSS: CRACK,STREET,true,false,1131,,,,18,1146426,1897376,,41.874378309,-87.737858233
,G274540,05/12/2001 08:12:30 PM,012XX W 72 ST,1822,NARCOTICS,MANU/DEL:CANNABIS OVER 10 GMS,STREET,true,false,0734,,,,18,1168924,1857067,,41.763308249,-87.656421583
,G274479,05/12/2001 08:30:00 PM,046XX W GLADYS AV,2027,NARCOTICS,POSS: CRACK,STREET,true,false,1131,,,,18,1145142,1897982,,41.876065595,-87.742557246
,G274514,05/12/2001 07:19:08 PM,047XX W HURON ST,2026,NARCOTICS,POSS: PCP,ALLEY,true,false,1111,,,,18,1144529,1904255,,41.893291006,-87.744649994
,G286434,05/12/2001 08:00:00 PM,050XX W ERIE ST,0460,BATTERY,SIMPLE,APARTMENT,false,false,1532,,,,08B,1142422,1903806,,41.892098306,-87.752399502
,G274520,05/12/2001 09:15:01 PM,007XX N PINE AV,2024,NARCOTICS,POSS: HEROIN(WHITE),STREET,true,false,1524,,,,18,1139337,1904715,,41.894649471,-87.763707375
,G274539,05/12/2001 09:26:26 PM,042XX W IRVING PARK RD,1812,NARCOTICS,POSS: CANNABIS MORE THAN 30GMS,PARKING LOT/GARAGE(NON.RESID.),true,false,1722,,,,18,1147620,1926291,,41.953701108,-87.732730919
,G274555,05/12/2001 09:36:10 PM,034XX W BELMONT AV,1812,NARCOTICS,POSS: CANNABIS MORE THAN 30GMS,GAS STATION,true,false,1732,,,,18,1153121,1921112,,41.939381986,-87.712646411
,G274618,05/12/2001 09:50:25 PM,068XX S RIDGELAND AV,2092,NARCOTICS,SOLICIT NARCOTICS ON PUBLICWAY,FACTORY/MANUFACTURING BUILDING,true,false,0332,,,,26,1189089,1859852,,41.770491299,-87.582424657
,G274343,05/12/2001 06:41:48 PM,009XX W HARRISON ST,1812,NARCOTICS,POSS: CANNABIS MORE THAN 30GMS,STREET,true,false,1213,,,,18,1170057,1897593,,41.874491127,-87.651089552
,G274620,05/12/2001 10:14:23 PM,050XX W CHICAGO AV,2024,NARCOTICS,POSS: HEROIN(WHITE),SIDEWALK,true,false,1531,,,,18,1142860,1904813,,41.894853483,-87.750765786
,G281634,05/12/2001 08:00:00 PM,057XX S WOOD ST,0430,BATTERY,AGGRAVATED: OTHER DANG WEAPON,RESIDENCE,false,false,0715,,,,04B,1165290,1866584,,41.789501846,-87.669471654
,G273645,05/12/2001 12:19:56 PM,001XX N LOREL AV,2027,NARCOTICS,POSS: CRACK,ALLEY,true,false,1523,,,,18,1140726,1900654,,41.883480168,-87.758705782
,G274252,05/12/2001 06:34:50 PM,073XX S ST LAWRENCE AV,1661,GAMBLING,GAME/DICE,SIDEWALK,true,false,0323,,,,19,1181552,1856197,,41.760638861,-87.610164634
,G274282,05/12/2001 06:05:28 PM,007XX N LAVERGNE AV,2024,NARCOTICS,POSS: HEROIN(WHITE),STREET,true,false,1531,,,,18,1142836,1904835,,41.894914301,-87.750853384
,G274296,05/12/2001 06:02:00 PM,018XX S LAWNDALE AV,1811,NARCOTICS,POSS: CANNABIS 30GMS OR LESS,STREET,true,false,1014,,,,18,1151942,1891087,,41.85701378,-87.717771356
,G274322,05/12/2001 06:45:40 PM,014XX S PULASKI RD,2026,NARCOTICS,POSS: PCP,VACANT LOT/LAND,true,false,1011,,,,18,1149907,1892922,,41.862089033,-87.725193295
,G273931,05/12/2001 03:41:08 PM,003XX S WESTERN AV,2024,NARCOTICS,POSS: HEROIN(WHITE),SIDEWALK,true,false,1211,,,,18,1160507,1898193,,41.87634053,-87.686136293
,G274442,05/12/2001 07:37:00 PM,018XX W 18 ST,1811,NARCOTICS,POSS: CANNABIS 30GMS OR LESS,SIDEWALK,true,false,1223,,,,18,1164537,1891476,,41.857824145,-87.671529633
,G274653,05/12/2001 10:03:50 PM,043XX S PRAIRIE AV,1650,GAMBLING,VIOL CHARITABLE GAME ACT,STREET,true,false,0221,,,,19,1178717,1876527,,41.816491278,-87.619936689
,G273785,05/12/2001 02:30:48 PM,018XX W FULTON ST,1506,PROSTITUTION,SOLICIT ON PUBLIC WAY,STREET,true,false,1333,,,,16,1163720,1902073,,41.886920484,-87.674229834
,G274584,05/12/2001 09:35:00 PM,008XX W 82 ST,1811,NARCOTICS,POSS: CANNABIS 30GMS OR LESS,STREET,true,false,0613,,,,18,1172265,1850523,,41.74527788,-87.644368263
,G286596,05/12/2001 01:30:00 AM,032XX N SHEFFIELD AV,0620,BURGLARY,UNLAWFUL ENTRY,OTHER,false,false,1924,,,,05,1169078,1921688,,41.940630539,-87.653983343
,G286644,05/12/2001 01:25:00 PM,083XX S CRANDON AV,5001,OTHER OFFENSE,OTHER CRIME INVOLVING PROPERTY,ABANDONED BUILDING,false,false,0412,,,,26,1192925,1849923,,41.743152564,-87.56868715
,G286296,05/12/2001 12:00:00 AM,006XX W 37 ST,1150,DECEPTIVE PRACTICE,CREDIT CARD FRAUD,BANK,false,false,0925,,,,11,1172887,1880409,,41.827274675,-87.64120764
,G288662,05/12/2001 11:30:00 AM,094XX S LANGLEY AV,0820,THEFT,$500 AND UNDER,STREET,false,false,0633,,,,06,1182599,1842294,,41.722463268,-87.606757594
,G289110,05/12/2001 12:00:00 AM,048XX N KILBOURN AV,1130,DECEPTIVE PRACTICE,FRAUD OR CONFIDENCE GAME,RESIDENCE,false,false,1712,,,,11,1145361,1932006,,41.969426666,-87.740890066
,G289299,05/12/2001 12:00:00 PM,125XX S STATE ST,0820,THEFT,$500 AND UNDER,STREET,false,false,0532,,,,06,1178614,1821142,,41.66451052,-87.621993851
,G289569,05/12/2001 09:00:00 PM,025XX W BLOOMINGDALE AV,1320,CRIMINAL DAMAGE,TO VEHICLE,STREET,false,false,1434,,,,14,1159099,1911929,,41.914062311,-87.690928384
,G289891,05/12/2001 10:00:00 AM,011XX S ASHLAND AV,0810,THEFT,OVER $500,APARTMENT,false,false,1231,,,,06,1165939,1895229,,41.868092937,-87.666276422
,G289893,05/12/2001 11:00:00 PM,066XX N AVONDALE AV,1310,CRIMINAL DAMAGE,TO PROPERTY,STREET,false,false,1612,,,,14,1124440,1943490,,42.001311166,-87.817564007
,G288688,05/12/2001 12:00:00 PM,019XX W BIRCHWOOD AV,1310,CRIMINAL DAMAGE,TO PROPERTY,APARTMENT,false,false,2424,,,,14,1161839,1949757,,42.017807328,-87.679802068
,G287545,05/12/2001 12:00:00 PM,054XX S SHORE DR,0930,MOTOR VEHICLE THEFT,THEFT/RECOVERY: AUTOMOBILE,STREET,false,false,2132,,,,07,1189032,1869889,,41.798034952,-87.582312238
,G273815,05/12/2001 02:00:00 PM,015XX W 63 ST,1330,CRIMINAL TRESPASS,TO LAND,OTHER,true,false,0713,,,,26,1166940,1862986,,41.779593368,-87.663524382
,G285972,05/12/2001 10:00:00 PM,037XX N PULASKI RD,0820,THEFT,$500 AND UNDER,BAR OR TAVERN,false,false,1732,,,,06,1149019,1924641,,41.94914636,-87.727630875
,G273492,05/12/2001 11:20:00 AM,029XX S STATE ST,2092,NARCOTICS,SOLICIT NARCOTICS ON PUBLICWAY,CHA PARKING LOT/GROUNDS,true,false,2113,,,,26,1176711,1885743,,41.841826197,-87.627017153
,G273506,05/12/2001 11:48:49 AM,003XX E 51 ST,2024,NARCOTICS,POSS: HEROIN(WHITE),STREET,true,false,0224,,,,18,1179088,1871312,,41.80217241,-87.618734851
,G273553,05/12/2001 12:13:41 PM,016XX W 79 ST,1811,NARCOTICS,POSS: CANNABIS 30GMS OR LESS,SIDEWALK,true,false,0611,,,,18,1166733,1852283,,41.750227327,-87.664588337
,G273561,05/12/2001 11:40:00 AM,001XX E PERSHING RD,1811,NARCOTICS,POSS: CANNABIS 30GMS OR LESS,STREET,true,false,0214,,,,18,1178007,1879131,,41.823653016,-87.622462083
,G273667,05/12/2001 01:10:38 PM,001XX W 31 ST,1811,NARCOTICS,POSS: CANNABIS 30GMS OR LESS,STREET,true,false,2113,,,,18,1176182,1884484,,41.838383325,-87.628996285
,G273712,05/12/2001 01:25:00 PM,027XX S FEDERAL ST,2024,NARCOTICS,POSS: HEROIN(WHITE),CHA PARKING LOT/GROUNDS,true,false,2113,,,,18,1176182,1886553,,41.84406082,-87.628934019
,G273719,05/12/2001 01:40:00 PM,036XX S FEDERAL ST,2024,NARCOTICS,POSS: HEROIN(WHITE),CHA PARKING LOT/GROUNDS,true,false,0211,,,,18,1176272,1880610,,41.827750732,-87.628782628
,G273805,05/12/2001 02:29:23 PM,053XX S MARSHFIELD AV,1811,NARCOTICS,POSS: CANNABIS 30GMS OR LESS,STREET,true,false,0932,,,,18,1166211,1869221,,41.796718529,-87.666019574
,G273819,05/12/2001 02:34:58 PM,040XX S STATE ST,2027,NARCOTICS,POSS: CRACK,CHA PARKING LOT/GROUNDS,true,false,0214,,,,18,1176905,1878227,,41.821197313,-87.626532173
,G273821,05/12/2001 02:35:27 PM,041XX S FEDERAL ST,2027,NARCOTICS,POSS: CRACK,CHA PARKING LOT/GROUNDS,true,false,0214,,,,18,1176416,1877762,,41.819932337,-87.628340053
,G273833,05/12/2001 02:00:00 PM,040XX S STATE ST,1811,NARCOTICS,POSS: CANNABIS 30GMS OR LESS,CHA PARKING LOT/GROUNDS,true,false,0214,,,,18,1176905,1878227,,41.821197313,-87.626532173
,G274225,05/12/2001 06:15:00 PM,011XX S ALBANY AV,1812,NARCOTICS,POSS: CANNABIS MORE THAN 30GMS,STREET,true,false,1134,,,,18,1155903,1895050,,41.867809834,-87.70312542
,G274357,05/12/2001 07:31:58 PM,011XX S ALBANY AV,2024,NARCOTICS,POSS: HEROIN(WHITE),STREET,true,false,1134,,,,18,1155903,1895029,,41.867752208,-87.703125985
,G274660,05/12/2001 10:50:00 PM,034XX W WALNUT ST,2024,NARCOTICS,POSS: HEROIN(WHITE),STREET,true,false,1123,,,,18,1153640,1901499,,41.885551859,-87.711261741
,G274738,05/12/2001 11:30:00 PM,044XX S STATE ST,2027,NARCOTICS,POSS: CRACK,STREET,true,false,0221,,,,18,1177048,1875827,,41.814608277,-87.62608005
,G290699,05/12/2001 06:00:00 AM,113XX S WALLACE ST,0810,THEFT,OVER $500,RESIDENCE,false,true,2233,,,,06,1174298,1829546,,41.687669118,-87.6375402
,G284413,05/12/2001 10:00:00 AM,0000X S MENARD AV,0820,THEFT,$500 AND UNDER,STREET,false,false,1513,,,,06,1137777,1899039,,41.87910207,-87.769573855
,G273951,05/12/2001 02:35:00 PM,076XX S EMERALD AV,2017,NARCOTICS,MANU/DELIVER:CRACK,RESIDENCE,true,false,0621,,,,18,1172583,1854249,,41.75549551,-87.643093534
,G272872,05/12/2001 12:15:00 AM,011XX S FRANCISCO AV,2027,NARCOTICS,POSS: CRACK,STREET,true,false,1135,,,,18,1157162,1894778,,41.867037982,-87.698510776
,G273129,05/12/2001 04:30:00 AM,017XX W NORTH AV,1506,PROSTITUTION,SOLICIT ON PUBLIC WAY,STREET,true,false,1433,,,,16,1164418,1910739,,41.910685884,-87.671421062
,G273196,05/12/2001 07:05:22 AM,016XX N ELSTON AV,1506,PROSTITUTION,SOLICIT ON PUBLIC WAY,STREET,true,false,1433,,,,16,1166846,1910853,,41.910946945,-87.662498237
,G274507,05/12/2001 08:30:00 PM,021XX W ARMITAGE AV,1811,NARCOTICS,POSS: CANNABIS 30GMS OR LESS,STREET,true,false,1432,,,,18,1162002,1913317,,41.917810918,-87.680224432
,G293552,05/12/2001 08:30:00 AM,066XX S KNOX AV,2825,OTHER OFFENSE,HARASSMENT BY TELEPHONE,RESIDENCE,false,false,0833,,,,26,1146562,1860198,,41.772353915,-87.738304243
,G293471,05/12/2001 01:00:00 PM,076XX S CICERO AV,0810,THEFT,OVER $500,DEPARTMENT STORE,false,false,0833,,,,06,1145766,1853744,,41.754658085,-87.741385006
,G273061,05/12/2001 02:40:00 AM,016XX N KEDZIE AV,1506,PROSTITUTION,SOLICIT ON PUBLIC WAY,STREET,true,false,1421,,,,16,1154797,1910467,,41.910137791,-87.706772484
,G294733,05/12/2001 07:00:00 AM,011XX N MILWAUKEE AV,0810,THEFT,OVER $500,COMMERCIAL / BUSINESS OFFICE,false,false,1323,,,,06,1165896,1907930,,41.902946374,-87.666071721
,G294937,05/12/2001 01:00:00 PM,059XX S LAFAYETTE AV,0810,THEFT,OVER $500,STREET,false,false,0233,,,,06,1176789,1865658,,41.786709419,-87.627336458
,G286539,05/12/2001 09:00:00 PM,003XX N SPRINGFIELD AV,0820,THEFT,$500 AND UNDER,STREET,false,false,1122,,,,06,,,,,
,G291616,05/12/2001 02:00:00 PM,053XX S CALIFORNIA AV,0560,ASSAULT,SIMPLE,STREET,false,false,0911,,,,08A,1158661,1868903,,41.796003389,-87.693715006
,G273728,05/12/2001 01:40:00 PM,005XX E BROWNING AV,2024,NARCOTICS,POSS: HEROIN(WHITE),CHA PARKING LOT/GROUNDS,true,false,0212,,,,18,1180946,1881387,,41.829776411,-87.611610535
,G295230,05/12/2001 06:00:00 PM,059XX N WESTERN AV,0810,THEFT,OVER $500,OTHER,false,false,2011,,,,06,1159195,1939665,,41.990169531,-87.689810575
,G273947,05/12/2001 03:14:06 PM,045XX W FULTON ST,2024,NARCOTICS,POSS: HEROIN(WHITE),STREET,true,false,1113,,,,18,1146181,1901329,,41.885230468,-87.738657207
,G273683,05/12/2001 12:40:00 PM,057XX S RACINE AV,2230,LIQUOR LAW VIOLATION,ILLEGAL CONSUMPTION BY MINOR,PARK PROPERTY,true,false,0712,,,,22,1169334,1866955,,41.790433268,-87.654632827
,G273469,05/12/2001 11:00:00 AM,020XX S SAWYER AV,1506,PROSTITUTION,SOLICIT ON PUBLIC WAY,SIDEWALK,true,false,1022,,,,16,1155050,1890023,,41.854032333,-87.706391712
,G274731,05/12/2001 11:15:00 PM,030XX W FULTON ST,2024,NARCOTICS,POSS: HEROIN(WHITE),STREET,true,false,1331,,,,18,1156313,1901896,,41.886587674,-87.701435193
,G274185,05/12/2001 05:50:00 PM,061XX S LAFLIN ST,1661,GAMBLING,GAME/DICE,STREET,true,false,0713,,,,19,1167423,1864210,,41.782941838,-87.661718594
,G296814,05/12/2001 10:00:00 AM,031XX N RAVENSWOOD AV,1320,CRIMINAL DAMAGE,TO VEHICLE,STREET,false,false,1931,,,,14,1163754,1920966,,41.938763443,-87.673571279
,G277473,05/12/2001 04:00:00 PM,042XX N LINCOLN AV,0460,BATTERY,SIMPLE,SIDEWALK,true,false,1912,,,,08B,1161556,1927873,,41.957762768,-87.681456391
,G293916,05/12/2001 07:00:00 PM,021XX N CALIFORNIA AV,0820,THEFT,$500 AND UNDER,APARTMENT,false,false,1414,,,,06,1157316,1914078,,41.919995796,-87.697420293
,G274658,05/12/2001 10:00:00 PM,006XX W 61 ST,2027,NARCOTICS,POSS: CRACK,RESIDENCE PORCH/HALLWAY,true,false,0711,,,,18,1172824,1864472,,41.783543326,-87.641909151
,G277332,05/12/2001 11:30:00 AM,002XX E PERSHING RD,0820,THEFT,$500 AND UNDER,"SCHOOL, PUBLIC, BUILDING",true,false,0211,,,,06,1178735,1879229,,41.823905376,-87.619788351
,G273381,05/12/2001 09:40:00 AM,037XX S FEDERAL ST,143A,WEAPONS VIOLATION,UNLAWFUL POSS OF HANDGUN,CHA APARTMENT,true,false,0211,,,,15,1176242,1880033,,41.826168071,-87.628910051
,G294016,05/12/2001 03:20:00 PM,047XX N KENNETH AV,0820,THEFT,$500 AND UNDER,STREET,false,false,1722,,,,06,1145637,1931343,,41.967602102,-87.739892087
,G272866,05/12/2001 11:50:00 PM,043XX W FULLERTON AV,2230,LIQUOR LAW VIOLATION,ILLEGAL CONSUMPTION BY MINOR,STREET,true,false,2524,,,,22,1147299,1915649,,41.9245047,-87.734184386
,G273573,05/12/2001 12:22:30 PM,016XX W 79 ST,1811,NARCOTICS,POSS: CANNABIS 30GMS OR LESS,STREET,true,false,0611,,,,18,1166731,1852363,,41.750446901,-87.664593387
,G274057,05/12/2001 03:00:00 PM,020XX E 95 ST,1811,NARCOTICS,POSS: CANNABIS 30GMS OR LESS,PARKING LOT/GARAGE(NON.RESID.),true,false,0431,,,,18,1191256,1842411,,41.722579453,-87.575044828
,G273523,05/12/2001 09:25:00 AM,038XX S COTTAGE GROVE AV,1320,CRIMINAL DAMAGE,TO VEHICLE,STREET,false,false,2122,,,,14,1182123,1879703,,41.825128181,-87.607344396
,G274634,05/12/2001 09:40:00 PM,114XX S ELIZABETH ST,1661,GAMBLING,GAME/DICE,STREET,true,false,2234,,,,19,1169997,1829125,,41.686608075,-87.653297867
,G275273,05/12/2001 06:30:00 PM,007XX E 38 ST,0820,THEFT,$500 AND UNDER,PARKING LOT/GARAGE(NON.RESID.),false,false,0212,,,,06,1181863,1879974,,41.825877849,-87.608289863
,G299281,05/12/2001 10:00:00 AM,095XX S DR MARTN LUTHR KING JR DR,0820,THEFT,$500 AND UNDER,GAS STATION,false,false,0511,,,,06,1180545,1842034,,41.721797121,-87.614289018
,G297467,05/12/2001 04:45:00 PM,027XX S MICHIGAN AV,0930,MOTOR VEHICLE THEFT,THEFT/RECOVERY: AUTOMOBILE,OTHER,true,false,2113,,,,07,1177594,1886626,,41.844229241,-87.623750083
,G299513,05/12/2001 02:00:00 PM,013XX E MADISON AVENUE PK,0820,THEFT,$500 AND UNDER,STREET,false,false,2124,,,,06,1186061,1871793,,41.803330382,-87.593147127
,G295484,05/12/2001 11:00:00 PM,063XX W DIVERSEY AV,0930,MOTOR VEHICLE THEFT,THEFT/RECOVERY: AUTOMOBILE,"SCHOOL, PRIVATE, GROUNDS",false,false,2512,,,,07,1133561,1917890,,41.930906576,-87.784611772
,G273386,05/12/2001 09:40:28 AM,007XX N WALLER AV,2024,NARCOTICS,POSS: HEROIN(WHITE),STREET,true,false,1511,,,,18,1138242,1904174,,41.893184778,-87.767742157
,G299350,05/12/2001 12:01:00 AM,025XX N CAMPBELL AV,1310,CRIMINAL DAMAGE,TO PROPERTY,OTHER,false,false,1431,,,,14,1159232,1916642,,41.926992393,-87.690309933
,G302577,05/12/2001 01:00:00 AM,035XX N CLARK ST,0820,THEFT,$500 AND UNDER,BAR OR TAVERN,false,false,1923,,,,06,1168538,1923724,,41.946229137,-87.655908884
,G302689,05/12/2001 03:00:00 PM,023XX W CULLERTON ST,1110,DECEPTIVE PRACTICE,BOGUS CHECK,SIDEWALK,false,false,1223,,,,11,1161315,1890317,,41.854711274,-87.683388522
,G302741,05/12/2001 10:00:00 PM,028XX W DIVERSEY AV,0460,BATTERY,SIMPLE,OTHER,false,false,1411,,,,08B,1157212,1918526,,41.932203555,-87.697681256
,G304137,05/12/2001 08:00:00 AM,013XX N DEAN ST,0620,BURGLARY,UNLAWFUL ENTRY,RESIDENCE-GARAGE,false,false,1433,,,,05,1164439,1909534,,41.907378837,-87.671378079
,G304332,05/12/2001 02:00:00 PM,012XX W VAN BUREN ST,0810,THEFT,OVER $500,OTHER,false,false,1213,,,,06,1167895,1898342,,41.876593323,-87.659005818
,G305690,05/12/2001 10:00:00 PM,038XX S WELLS ST,2825,OTHER OFFENSE,HARASSMENT BY TELEPHONE,RESIDENCE,false,true,0925,,,,26,1175178,1879507,,41.824748554,-87.632829345
,G273228,05/12/2001 12:01:00 AM,029XX N WHIPPLE ST,0810,THEFT,OVER $500,RESIDENCE-GARAGE,false,false,1411,,,,06,1155488,1919610,,41.935213031,-87.70398751
,G273242,05/12/2001 08:13:06 AM,032XX W FULTON ST,2024,NARCOTICS,POSS: HEROIN(WHITE),STREET,true,false,1123,,,,18,1154569,1901773,,41.886285211,-87.707842923
,G274453,05/12/2001 08:10:00 PM,006XX E 38 PL,1822,NARCOTICS,MANU/DEL:CANNABIS OVER 10 GMS,CHA PARKING LOT/GROUNDS,true,false,0212,,,,18,1180982,1879632,,41.824959733,-87.611532551
,G274951,05/12/2001 11:30:00 PM,032XX N MILWAUKEE AV,0910,MOTOR VEHICLE THEFT,AUTOMOBILE,STREET,false,false,1732,,,,07,1150012,1920981,,41.939083714,-87.724076361
,G299355,05/12/2001 12:01:00 AM,025XX N CAMPBELL AV,1310,CRIMINAL DAMAGE,TO PROPERTY,RESIDENCE-GARAGE,false,false,1431,,,,14,1159232,1916642,,41.926992393,-87.690309933
,G310448,05/12/2001 04:00:00 PM,010XX N SPRINGFIELD AV,1310,CRIMINAL DAMAGE,TO PROPERTY,RESIDENCE,false,false,1112,,,,14,1150156,1906629,,41.899697705,-87.723921954
,G309951,05/12/2001 12:00:00 PM,018XX W IRVING PARK RD,1110,DECEPTIVE PRACTICE,BOGUS CHECK,SMALL RETAIL STORE,false,false,1923,,,,11,1163267,1926628,,41.95431054,-87.675201339
,G310307,05/12/2001 11:00:00 PM,083XX S HERMITAGE AV,1360,CRIMINAL TRESPASS,TO VEHICLE,STREET,false,false,0614,,,,26,1166164,1849620,,41.74293179,-87.66674901
,G274376,05/12/2001 07:27:34 PM,050XX W ERIE ST,2024,NARCOTICS,POSS: HEROIN(WHITE),SIDEWALK,true,false,1532,,,,18,1142876,1903815,,41.892114556,-87.75073191
,G316259,05/12/2001 12:00:00 PM,028XX N CLARK ST,0810,THEFT,OVER $500,PARKING LOT/GARAGE(NON.RESID.),false,false,1932,,,,06,1171379,1919098,,41.933473124,-87.645602784
,G311683,05/12/2001 08:00:00 PM,0000X E OHIO ST,0810,THEFT,OVER $500,PARKING LOT/GARAGE(NON.RESID.),false,false,1834,,,,06,1176611,1904246,,41.892601853,-87.626825296
,G316891,05/12/2001 03:00:00 PM,016XX W FULLERTON AV,1110,DECEPTIVE PRACTICE,BOGUS CHECK,BAR OR TAVERN,false,false,1811,,,,11,1164833,1915966,,41.925020305,-87.669747929
,G316615,05/12/2001 10:00:00 PM,018XX W OAKDALE AV,0460,BATTERY,SIMPLE,APARTMENT,false,false,1931,,,,08B,1163503,1919575,,41.934951757,-87.67453305
,G284807,05/12/2001 09:30:00 PM,035XX W MELROSE ST,1320,CRIMINAL DAMAGE,TO VEHICLE,STREET,false,false,1732,,,,14,1152189,1921424,,41.940256605,-87.716063536
,G318499,05/12/2001 12:50:00 PM,053XX S PAULINA ST,0810,THEFT,OVER $500,STREET,false,false,0932,,,,06,1165883,1869090,,41.79636603,-87.667226107
,G321994,05/12/2001 02:37:00 AM,062XX N LINCOLN AV,0810,THEFT,OVER $500,DEPARTMENT STORE,true,false,1711,,,,06,1152513,1941309,,41.994815901,-87.714344716
,G322800,05/12/2001 11:00:00 AM,003XX E 75 ST,1120,DECEPTIVE PRACTICE,FORGERY,OTHER,false,false,0323,,,,10,1179451,1855388,,41.758467086,-87.617889482
,G324674,05/12/2001 09:00:00 AM,048XX N HERMITAGE AV,1130,DECEPTIVE PRACTICE,FRAUD OR CONFIDENCE GAME,RESIDENCE,false,true,2032,,,,11,1163953,1932659,,41.970845382,-87.672508529
,G324782,05/12/2001 09:00:00 AM,016XX E 50 PL,0810,THEFT,OVER $500,OTHER,false,false,2132,,,,06,1188100,1871802,,41.803306651,-87.58566897
,G328998,05/12/2001 09:00:00 AM,034XX W ADDISON ST,0840,THEFT,FINANCIAL ID THEFT: OVER $300,DEPARTMENT STORE,false,false,1732,,,,06,1152615,1923676,,41.946427834,-87.714438076
,G274030,05/12/2001 04:37:00 PM,027XX W MADISON ST,1506,PROSTITUTION,SOLICIT ON PUBLIC WAY,STREET,true,false,1331,,,,16,1158259,1899946,,41.881197148,-87.694342291
,G273559,05/12/2001 11:46:20 AM,077XX N MARSHFIELD AV,1811,NARCOTICS,POSS: CANNABIS 30GMS OR LESS,SIDEWALK,true,false,2422,,,,18,1164017,1951306,,42.022011897,-87.671743436
,G338693,05/12/2001 06:30:00 PM,042XX N LINCOLN AV,1320,CRIMINAL DAMAGE,TO VEHICLE,PARKING LOT/GARAGE(NON.RESID.),false,false,1912,,,,14,1161526,1928100,,41.958386294,-87.681560334
,G337978,05/12/2001 07:00:00 AM,056XX S LAFLIN ST,1751,OFFENSE INVOLVING CHILDREN,CRIM SEX ABUSE BY FAM MEMBER,RESIDENCE,true,false,0713,,,,20,1167346,1867072,,41.790797165,-87.66191896
,G342876,05/12/2001 11:00:00 AM,071XX S PAULINA ST,0820,THEFT,$500 AND UNDER,RESIDENCE,false,false,0735,,,,06,1166215,1857029,,41.763262042,-87.666351691
,G274611,05/12/2001 09:10:00 PM,013XX W 79 ST,1811,NARCOTICS,POSS: CANNABIS 30GMS OR LESS,STREET,true,false,0612,,,,18,1169239,1852432,,41.750582387,-87.655400918
,G344983,05/12/2001 05:05:00 PM,003XX W CHICAGO AV,0850,THEFT,ATTEMPT THEFT,CTA PLATFORM,false,false,1823,,,,06,1174161,1905714,,41.896685131,-87.635779234
,G347364,05/12/2001 12:00:00 PM,017XX E 67 ST,5001,OTHER OFFENSE,OTHER CRIME INVOLVING PROPERTY,OTHER,false,false,0332,,,,26,1189054,1861702,,41.775568688,-87.582493747
,G347455,05/12/2001 10:00:00 AM,091XX S MARQUETTE AV,0560,ASSAULT,SIMPLE,APARTMENT,false,false,0423,,,,08A,1195814,1844595,,41.728461156,-87.558277741
,G327827,05/12/2001 12:00:00 PM,067XX W NORTH AV,1120,DECEPTIVE PRACTICE,FORGERY,DEPARTMENT STORE,false,false,2513,,,,10,1131502,1909955,,41.909167862,-87.792362265
,G353656,05/12/2001 11:00:00 AM,006XX W 83 ST,0810,THEFT,OVER $500,OTHER,false,false,0622,,,,06,1173253,1849898,,41.743541034,-87.640766506
,G346145,05/12/2001 12:00:00 AM,094XX S THROOP ST,0810,THEFT,OVER $500,RESIDENCE,false,false,2222,,,,06,1169275,1842288,,41.722745031,-87.655561739
,G341641,05/12/2001 08:05:00 PM,044XX S STATE ST,2024,NARCOTICS,POSS: HEROIN(WHITE),CHA PARKING LOT/GROUNDS,true,false,0221,,,,18,1176971,1875717,,41.814308166,-87.626365813
,G274680,05/12/2001 10:15:00 PM,014XX S LAWNDALE AV,0420,BATTERY,AGGRAVATED:KNIFE/CUTTING INSTR,SIDEWALK,true,false,1011,,,,04B,1151986,1892641,,41.861277272,-87.717568941
,G362010,05/12/2001 03:00:00 PM,038XX S WASHTENAW AV,0810,THEFT,OVER $500,RESIDENCE,true,false,0913,,,,06,1158959,1879159,,41.82414107,-87.692341701
,G369623,05/12/2001 07:00:00 PM,002XX W MADISON ST,0820,THEFT,$500 AND UNDER,COMMERCIAL / BUSINESS OFFICE,false,false,0113,,,,06,1174716,1900386,,41.882052398,-87.633900341
,G383294,05/12/2001 12:15:00 AM,040XX S CALIFORNIA AV,0460,BATTERY,SIMPLE,STREET,false,false,0912,,,,08B,1158312,1878001,,41.820976597,-87.694746919
,G387025,05/12/2001 04:00:00 PM,096XX S MORGAN ST,0560,ASSAULT,SIMPLE,RESIDENCE,false,false,2223,,,,08A,1171398,1840469,,41.7177073,-87.647838488
,G391427,05/12/2001 12:00:00 AM,035XX N BROADWAY,1110,DECEPTIVE PRACTICE,BOGUS CHECK,BANK,false,false,2331,,,,11,1171066,1923663,,41.946006549,-87.646618643
,G423343,05/12/2001 11:00:00 PM,051XX S ASHLAND AV,1320,CRIMINAL DAMAGE,TO VEHICLE,RESIDENCE,false,true,0932,,,,14,1166585,1870600,,41.800494692,-87.664608736
,G406736,05/12/2001 04:45:00 AM,075XX S EMERALD AV,0281,CRIM SEXUAL ASSAULT,NON-AGGRAVATED,RESIDENCE,false,false,0621,,,,02,1172653,1854621,,41.756514783,-87.64282606
,G430294,05/12/2001 12:00:00 PM,066XX S WHIPPLE ST,0810,THEFT,OVER $500,RESIDENCE,false,false,0831,,,,06,1157230,1860598,,41.773242379,-87.699187222
,G407020,05/12/2001 04:00:00 PM,055XX W NORTH AV,1130,DECEPTIVE PRACTICE,FRAUD OR CONFIDENCE GAME,RESIDENCE,false,false,2532,,,,11,1139225,1910128,,41.90950543,-87.763986782
,G485244,05/12/2001 11:30:00 AM,031XX S ASHLAND AV,1205,DECEPTIVE PRACTICE,"THEFT BY LESSEE,NON-VEH",SMALL RETAIL STORE,false,false,0922,,,,11,1166221,1883706,,41.836466744,-87.665570118
,G274727,05/12/2001 10:50:00 PM,107XX S INDIANA AV,0560,ASSAULT,SIMPLE,STREET,false,false,0513,,,,08A,1179531,1833492,,41.698379917,-87.618262927
,G274733,05/12/2001 10:50:00 PM,107XX S INDIANA AV,0560,ASSAULT,SIMPLE,STREET,false,false,0513,,,,08A,1179531,1833492,,41.698379917,-87.618262927
,G503194,05/12/2001 09:00:00 AM,033XX N SEELEY AV,0840,THEFT,FINANCIAL ID THEFT: OVER $300,RESIDENCE,false,false,1913,,,,06,1162054,1922269,,41.942374683,-87.679782678
,G547422,05/12/2001 12:00:00 PM,107XX S PEORIA ST,0820,THEFT,$500 AND UNDER,RESIDENCE,false,false,2234,,,,06,1172218,1833483,,41.698518714,-87.645039678
,G583818,05/12/2001 12:01:00 AM,070XX S JEFFERY BL,1120,DECEPTIVE PRACTICE,FORGERY,BANK,false,false,0331,,,,10,1190811,1858351,,41.766331006,-87.576161032
,G274487,05/12/2001 08:15:00 PM,064XX S WINCHESTER AV,1812,NARCOTICS,POSS: CANNABIS MORE THAN 30GMS,STREET,true,false,0726,,,,18,1164502,1861980,,41.776884535,-87.672490755
,G733144,05/12/2001 12:00:00 PM,007XX N LA SALLE ST,0560,ASSAULT,SIMPLE,OTHER,false,true,1832,,,,08A,1175043,1905419,,41.895855912,-87.63254868
,HH134020,05/12/2001 09:00:00 AM,001XX W DIVISION ST,1110,DECEPTIVE PRACTICE,BOGUS CHECK,CURRENCY EXCHANGE,false,false,1824,,,,11,1175145,1908307,,41.903778443,-87.632087359
,G274416,05/12/2001 07:37:37 PM,0000X W 87 ST,0820,THEFT,$500 AND UNDER,STREET,false,false,0634,,,,06,1177043,1847234,,41.736146144,-87.626959873
,G273199,05/12/2001 07:30:00 AM,033XX W OHIO ST,031A,ROBBERY,ARMED: HANDGUN,STREET,false,false,1121,,27,,03,1153708,1903753,,41.891735706,-87.710951996
,G274374,05/12/2001 07:07:00 PM,011XX S SACRAMENTO BLVD,0440,BATTERY,AGG: HANDS/FIST/FEET NO/MINOR INJURY,STREET,false,false,1134,,28,,08B,1156489,1895084,,41.867891308,-87.700973182
,G274571,05/12/2001 09:12:00 PM,009XX S WESTERN AVE,033A,ROBBERY,ATTEMPT: ARMED-HANDGUN,STREET,false,false,1135,,28,,03,,,,,
,JA506086,05/12/2001 09:00:00 AM,053XX S NATOMA AVE,1562,SEX OFFENSE,AGG CRIMINAL SEXUAL ABUSE,CHURCH/SYNAGOGUE/PLACE OF WORSHIP,false,false,0811,,23,,17,,,,,
